0.9695768457125828;0.016512479125327426
0.9695768457125828;0.015950115038410484
0.9695768457125828;0.015387750951493542
0.9695768457125828;0.0148253868645766
0.9695768457125828;0.014263022777659645
0.9695768457125828;0.013700658690742704
0.9695768457125828;0.013138294603825762
0.9695768457125828;0.01257593051690882
0.9695768457125828;0.012013566429991879
0.9695768457125828;0.011451202343074937
0.9695768457125828;0.010888838256157995
0.9695768457125828;0.010326474169241054
0.969708641206071;0.018200533396979635
0.9696898132784298;0.017497440858204677
0.9696898132784298;0.016935076771287735
0.969708641206071;0.009765072093225483
0.9696898132784298;0.009061979554450539
0.9696898132784298;0.008499615467533583
0.9698027808442767;0.019607130764915826
0.9698027808442767;0.019044766677998884
0.9698027808442767;0.016232946243414162
0.9698027808442767;0.01567058215649722
0.9698027808442767;0.015108218069580279
0.9698027808442767;0.014545853982663337
0.9698027808442767;0.013983489895746395
0.9698027808442767;0.013421125808829454
0.9698027808442767;0.012858761721912512
0.9698027808442767;0.01229639763499557
0.9698027808442767;0.011734033548078615
0.9698027808442767;0.011171669461161673
0.9698027808442767;0.010609305374244732
0.9698027808442767;0.00779748493966001
0.9698027808442767;0.007235120852743068
0.9699345763377649;0.02073282094965108
0.9699157484101237;0.020029728410876135
0.9699345763377649;0.018483364601983313
0.9699157484101237;0.01778027206320837
0.9699157484101237;0.017217907976291427
0.9699157484101237;0.016655543889374486
0.9699345763377649;0.01004790329822916
0.9699157484101237;0.009344810759454217
0.9699157484101237;0.008782446672537275
0.9699157484101237;0.008220082585620334
0.9699345763377649;0.006673718776727497
0.9698592646272003;0.006251395991024727
0.9700475439036118;0.021577191660799105
0.9700475439036118;0.01932773531313134
0.9700475439036118;0.015953550791629675
0.9700287159759707;0.015250458252854732
0.9700287159759707;0.01468809416593779
0.9700287159759707;0.014125730079020848
0.9700287159759707;0.013563365992103907
0.9700287159759707;0.013001001905186951
0.9700287159759707;0.01243863781827001
0.9700287159759707;0.011876273731353068
0.9700287159759707;0.011313909644436126
0.9700287159759707;0.010751545557519185
0.9700475439036118;0.007518089487875523
0.9700475439036118;0.0058309972271246985
0.9700287159759707;0.005127904688349755
0.9701605114694588;0.022421562371947132
0.9701605114694588;0.020734470111196293
0.9701416835418176;0.02003137757242135
0.9701605114694588;0.018485013763528527
0.9701416835418176;0.017781921224753583
0.9701416835418176;0.01721955713783664
0.9701416835418176;0.0166571930509197
0.9701605114694588;0.010049552459774375
0.9701416835418176;0.009346459920999431
0.9701416835418176;0.00878409583408249
0.9701416835418176;0.008221731747165548
0.9701605114694588;0.006675367938272711
0.9701416835418176;0.004636660693070033
0.9702546511076646;0.02326579565296638
0.9702546511076646;0.021578703392215556
0.9702546511076646;0.01932924704454779
0.9702546511076646;0.015955062523046126
0.9702546511076646;0.015392698436129185
0.9702546511076646;0.014830334349212243
0.9702546511076646;0.014267970262295288
0.9702546511076646;0.013705606175378346
0.9702546511076646;0.013143242088461404
0.9702546511076646;0.012580878001544463
0.9702546511076646;0.012018513914627521
0.9702546511076646;0.01145614982771058
0.9702546511076646;0.010893785740793638
0.9702546511076646;0.007519601219291974
0.9702546511076646;0.005832508958541149
0.9702546511076646;0.005270144871624194
0.9702546511076646;0.004145416697790311
0.9702546511076646;0.0036533481217379815
0.9703676186735115;0.023828984320655944
0.9703676186735115;0.022704256146822047
0.9703676186735115;0.022141892059905105
0.9703676186735115;0.021017163886071222
0.9703676186735115;0.02045479979915428
0.9703676186735115;0.01989243571223734
0.9703676186735115;0.01876770753840344
0.9703676186735115;0.0182053434514865
0.9703676186735115;0.017642979364569558
0.9703676186735115;0.017080615277652617
0.9703676186735115;0.016518251190735675
0.9703676186735115;0.010332246234649303
0.9703676186735115;0.009769882147732348
0.9703676186735115;0.009207518060815406
0.9703676186735115;0.008645153973898465
0.9703676186735115;0.008082789886981523
0.9703676186735115;0.00695806171314764
0.9703676186735115;0.006395697626230698
0.9703676186735115;0.004708605365479859
0.9703676186735115;0.003091808615593647
0.9704994141669997;0.024392310418474256
0.9704994141669997;0.02326758224464036
0.9704994141669997;0.021580489983889534
0.9704994141669997;0.019331033636221767
0.9704994141669997;0.015956849114720104
0.9704805862393585;0.01525375657594516
0.9704805862393585;0.014691392489028218
0.9704805862393585;0.014129028402111277
0.9704805862393585;0.013566664315194335
0.9704805862393585;0.01300430022827738
0.9704805862393585;0.012441936141360438
0.9704805862393585;0.011879572054443496
0.9704805862393585;0.011317207967526555
0.9704805862393585;0.010754843880609613
0.9704994141669997;0.0075213878109659515
0.9704994141669997;0.005834295550215127
0.9704805862393585;0.005131203011440183
0.9704994141669997;0.004147203289464288
0.9704805862393585;0.0034441107506893442
0.9704994141669997;0.0025538383765329464
0.9706123817328466;0.025236681129622268
0.9706123817328466;0.02242486069503756
0.9706123817328466;0.02073776843428672
0.9705935538052054;0.020034675895511764
0.9706123817328466;0.018488312086618955
0.9705935538052054;0.017785219547843997
0.9705935538052054;0.017222855460927056
0.9705935538052054;0.016660491374010114
0.9706123817328466;0.010052850782864803
0.9705935538052054;0.009349758244089845
0.9705935538052054;0.008787394157172904
0.9705935538052054;0.008225030070255962
0.9706123817328466;0.006678666261363139
0.9707065213710524;0.024393822149890693
0.9707065213710524;0.02383145806297375
0.9707065213710524;0.023269093976056796
0.9707065213710524;0.02158200171530597
0.9707065213710524;0.019332545367638204
0.9707065213710524;0.01595836084613654
0.9707065213710524;0.015395996759219599
0.9707065213710524;0.014833632672302657
0.9707065213710524;0.014271268585385702
0.9707065213710524;0.01370890449846876
0.9707065213710524;0.013146540411551819
0.9707065213710524;0.012584176324634877
0.9707065213710524;0.012021812237717935
0.9707065213710524;0.011459448150800994
0.9707065213710524;0.010897084063884052
0.9707065213710524;0.0075228995423823886
0.9707065213710524;0.005835807281631564
0.9707065213710524;0.005273443194714608
0.9707065213710524;0.004711079107797667
0.9707065213710524;0.004148715020880725
0.9707065213710524;0.0035863509339637833
0.9707065213710524;0.0030239868470468417
0.9707065213710524;0.0024616227601299
0.9707065213710524;0.0018992586732129585
0.9708194889368994;0.026081738991414125
0.9708194889368994;0.025519374904497183
0.9708194889368994;0.02495701081758024
0.9708194889368994;0.02270755446991246
0.9708194889368994;0.02214519038299552
0.9708194889368994;0.021020462209161636
0.9708194889368994;0.020458098122244694
0.9708194889368994;0.019895734035327753
0.9708194889368994;0.018771005861493856
0.9708194889368994;0.018208641774576914
0.9708194889368994;0.017646277687659973
0.9708194889368994;0.01708391360074303
0.9708194889368994;0.01652154951382609
0.9708194889368994;0.010335544557739718
0.9708194889368994;0.009773180470822762
0.9708194889368994;0.00921081638390582
0.9708194889368994;0.008648452296988879
0.9708194889368994;0.008086088210071937
0.9708194889368994;0.006961360036238054
0.9708194889368994;0.006398995949321112
0.9708194889368994;0.0014080146779332364
0.9709324565027463;0.026644927659103673
0.9709324565027463;0.024395471311435907
0.9709324565027463;0.023833107224518965
0.9709324565027463;0.02327074313760201
0.9709324565027463;0.021583650876851185
0.9709324565027463;0.01933419452918342
0.9709324565027463;0.015960010007681755
0.9709324565027463;0.015397645920764813
0.9709324565027463;0.014835281833847871
0.9709324565027463;0.014272917746930916
0.9709324565027463;0.013710553660013974
0.9709324565027463;0.013148189573097033
0.9709324565027463;0.012585825486180091
0.9709324565027463;0.01202346139926315
0.9709324565027463;0.011461097312346208
0.9709324565027463;0.010898733225429266
0.9709324565027463;0.007524548703927603
0.9709324565027463;0.005837456443176778
0.9709324565027463;0.005275092356259822
0.9709324565027463;0.004712728269342881
0.9709324565027463;0.004150364182425939
0.9709324565027463;0.0035880000955089975
0.9709324565027463;0.003025636008592056
0.9709324565027463;0.0024632719216751142
0.9709324565027463;0.0019009078347581726
0.9710642519962345;0.027208253756921985
0.9710642519962345;0.026083525583088102
0.9710454240685933;0.025380433044313158
0.9710454240685933;0.024818068957396217
0.9710642519962345;0.02270934106158644
0.9710454240685933;0.022006248522811495
0.9710642519962345;0.021022248800835613
0.9710454240685933;0.02031915626206067
0.9710454240685933;0.019756792175143728
0.9710642519962345;0.018772792453167833
0.9710454240685933;0.018069699914392903
0.9710454240685933;0.017507335827475948
0.9710454240685933;0.016944971740559006
0.9710454240685933;0.016382607653642065
0.9710642519962345;0.010337331149413695
0.9710454240685933;0.009634238610638751
0.9710454240685933;0.00907187452372181
0.9710454240685933;0.008509510436804854
0.9710454240685933;0.007947146349887912
0.9710642519962345;0.006963146627912031
0.9710454240685933;0.006260054089137088
0.9710642519962345;0.0013395057587426012
0.9710454240685933;0.0006364132199676575
0.9711583916344402;0.024115938429522643
0.9711583916344402;0.0235535743426057
0.9711583916344402;0.01568047712576849
0.9711583916344402;0.01511811303885155
0.9711583916344402;0.014555748951934608
0.9711583916344402;0.013993384865017666
0.9711583916344402;0.013431020778100725
0.9711583916344402;0.012868656691183783
0.9711583916344402;0.012306292604266841
0.9711583916344402;0.011743928517349886
0.9711583916344402;0.011181564430432944
0.9711583916344402;0.005557923561263514
0.9711583916344402;0.0049955594743465725
0.9711583916344402;0.004433195387429631
0.9711583916344402;0.0038708313005126893
0.9711583916344402;0.0033084672135957477
0.9711583916344402;0.002746103126678792
0.9711583916344402;0.0021837390397618506
0.9712901871279284;0.02805344904884262
0.9712713592002872;0.027350356510067675
0.9712713592002872;0.026787992423150733
0.9712713592002872;0.02622562833623379
0.9712713592002872;0.02566326424931685
0.9712713592002872;0.02510090016239991
0.9712713592002872;0.024538536075482953
0.9712901871279284;0.02299217226659013
0.9712713592002872;0.022289079727815186
0.9712713592002872;0.021726715640898245
0.9712713592002872;0.021164351553981303
0.9712713592002872;0.02060198746706436
0.9712713592002872;0.020039623380147406
0.9712713592002872;0.019477259293230464
0.9712713592002872;0.018914895206313523
0.9712713592002872;0.01835253111939658
0.9712713592002872;0.01779016703247964
0.9712713592002872;0.017227802945562698
0.9712713592002872;0.016665438858645756
0.9712713592002872;0.016103074771728815
0.9712901871279284;0.010620162354417373
0.9712713592002872;0.00991706981564243
0.9712713592002872;0.009354705728725488
0.9712713592002872;0.008792341641808546
0.9712713592002872;0.008229977554891604
0.9712713592002872;0.007667613467974663
0.9712713592002872;0.007105249381057721
0.9712713592002872;0.006542885294140766
0.9712713592002872;0.005980521207223824
0.9712901871279284;0.0016223369637462792
0.9712713592002872;0.0009192444249713355
0.9712713592002872;0.0004271758489190064
0.9714031546937753;0.023836542977738157
0.9714031546937753;0.015401081673984005
0.9713843267661341;0.01469798913520906
0.9713843267661341;0.01413562504829212
0.9713843267661341;0.013573260961375178
0.9713843267661341;0.013010896874458222
0.9713843267661341;0.01244853278754128
0.9713843267661341;0.011886168700624339
0.9713843267661341;0.011323804613707397
0.9714031546937753;0.005278528109479014
0.9713843267661341;0.004575435570704084
0.9713843267661341;0.004013071483787128
0.9713843267661341;0.003450707396870187
0.9713843267661341;0.002888343309953245
0.9713843267661341;0.0023259792230363036
0.9715161222596223;0.028617462297304774
0.9714972943319811;0.02791436975852983
0.9714972943319811;0.02735200567161289
0.9714972943319811;0.026789641584695947
0.9714972943319811;0.026227277497779006
0.9714972943319811;0.025664913410862064
0.9714972943319811;0.025102549323945123
0.9714972943319811;0.024540185237028167
0.9715161222596223;0.022993821428135344
0.9714972943319811;0.0222907288893604
0.9714972943319811;0.02172836480244346
0.9714972943319811;0.021166000715526517
0.9714972943319811;0.020603636628609576
0.9714972943319811;0.02004127254169262
0.9714972943319811;0.01947890845477568
0.9714972943319811;0.018916544367858737
0.9714972943319811;0.018354180280941795
0.9714972943319811;0.017791816194024854
0.9714972943319811;0.017229452107107912
0.9714972943319811;0.01666708802019097
0.9714972943319811;0.01610472393327403
0.9715161222596223;0.010621811515962587
0.9714972943319811;0.009918718977187643
0.9714972943319811;0.009356354890270702
0.9714972943319811;0.00879399080335376
0.9714972943319811;0.008231626716436818
0.9714972943319811;0.007669262629519877
0.9714972943319811;0.007106898542602935
0.9714972943319811;0.00654453445568598
0.9714972943319811;0.005982170368769038
0.9715161222596223;0.0016239861252914933
0.9714972943319811;0.0009208935865165496
0.9714972943319811;0.0004288250104642205
0.9716290898254691;0.02383819213928337
0.9716290898254691;0.015402730835529219
0.9716102618978281;0.014699638296754261
0.9716102618978281;0.01413727420983732
0.9716102618978281;0.013574910122920378
0.9716102618978281;0.013012546036003422
0.9716102618978281;0.01245018194908648
0.9716102618978281;0.011887817862169539
0.9716102618978281;0.011325453775252597
0.9716290898254691;0.005280177271024228
0.9716102618978281;0.004577084732249284
0.9716102618978281;0.004014720645332329
0.9716102618978281;0.003452356558415387
0.9716102618978281;0.0028899924714984454
0.9716102618978281;0.002327628384581504
0.9717420573913161;0.02918147554576693
0.971723229463675;0.028478383006991972
0.971723229463675;0.02791601892007503
0.971723229463675;0.02735365483315809
0.971723229463675;0.026791290746241148
0.971723229463675;0.026228926659324206
0.971723229463675;0.025666562572407264
0.971723229463675;0.025104198485490323
0.971723229463675;0.024541834398573367
0.9717420573913161;0.02299547058968056
0.971723229463675;0.0222923780509056
0.971723229463675;0.02173001396398866
0.971723229463675;0.021167649877071718
0.971723229463675;0.020605285790154776
0.971723229463675;0.02004292170323782
0.971723229463675;0.01948055761632088
0.971723229463675;0.018918193529403937
0.971723229463675;0.018355829442486996
0.971723229463675;0.017793465355570054
0.971723229463675;0.017231101268653112
0.971723229463675;0.01666873718173617
0.971723229463675;0.01610637309481923
0.9717420573913161;0.010623460677507801
0.971723229463675;0.009920368138732844
0.971723229463675;0.009358004051815902
0.971723229463675;0.00879563996489896
0.971723229463675;0.008233275877982019
0.971723229463675;0.007670911791065077
0.971723229463675;0.007108547704148135
0.971723229463675;0.00654618361723118
0.971723229463675;0.005983819530314238
0.9717420573913161;0.0016256352868367074
0.971723229463675;0.0009225427480617499
0.971723229463675;0.00043047417200942073
0.9718550249571631;0.023839841300828585
0.9718550249571631;0.015404379997074433
0.971836197029522;0.014701287458299475
0.971836197029522;0.014138923371382534
0.971836197029522;0.013576559284465592
0.971836197029522;0.013014195197548636
0.971836197029522;0.012451831110631695
0.971836197029522;0.011889467023714753
0.971836197029522;0.011327102936797812
0.9718550249571631;0.005281826432569442
0.971836197029522;0.004578733893794498
0.971836197029522;0.004016369806877543
0.971836197029522;0.003454005719960601
0.971836197029522;0.0028916416330436595
0.971836197029522;0.002329277546126718
0.97196799252301;0.029745488794229072
0.9719491645953688;0.029042396255454128
0.9719491645953688;0.028480032168537187
0.9719491645953688;0.027917668081620245
0.9719491645953688;0.027355303994703303
0.9719491645953688;0.02679293990778636
0.9719491645953688;0.02623057582086942
0.9719491645953688;0.02566821173395248
0.9719491645953688;0.025105847647035537
0.9719491645953688;0.02454348356011858
0.97196799252301;0.02299711975122576
0.9719491645953688;0.022294027212450815
0.9719491645953688;0.021731663125533873
0.9719491645953688;0.02116929903861693
0.9719491645953688;0.02060693495169999
0.9719491645953688;0.020044570864783035
0.9719491645953688;0.019482206777866093
0.9719491645953688;0.01891984269094915
0.9719491645953688;0.01835747860403221
0.9719491645953688;0.017795114517115268
0.9719491645953688;0.017232750430198326
0.9719491645953688;0.016670386343281385
0.9719491645953688;0.016108022256364443
0.97196799252301;0.010625109839053001
0.9719491645953688;0.009922017300278058
0.9719491645953688;0.009359653213361116
0.9719491645953688;0.008797289126444174
0.9719491645953688;0.008234925039527233
0.9719491645953688;0.007672560952610291
0.9719491645953688;0.0071101968656933495
0.9719491645953688;0.006547832778776394
0.9719491645953688;0.005985468691859452
0.97196799252301;0.0016272844483819077
0.9719491645953688;0.000924191909606964
0.9719491645953688;0.00043212333355463484
0.972080960088857;0.023841490462373785
0.972080960088857;0.015406029158619633
0.9720621321612158;0.01470293661984469
0.9720621321612158;0.014140572532927748
0.9720621321612158;0.013578208446010806
0.9720621321612158;0.01301584435909385
0.9720621321612158;0.012453480272176909
0.9720621321612158;0.011891116185259967
0.9720621321612158;0.011328752098343026
0.972080960088857;0.005283475594114642
0.9720621321612158;0.004580383055339712
0.9720621321612158;0.004018018968422757
0.9720621321612158;0.0034556548815058152
0.9720621321612158;0.0028932907945888736
0.9720621321612158;0.002330926707671932
0.9721939276547039;0.03030950204269124
0.9721750997270627;0.029606409503916298
0.9721750997270627;0.029044045416999342
0.9721750997270627;0.0284816813300824
0.9721750997270627;0.02791931724316546
0.9721750997270627;0.027356953156248517
0.9721750997270627;0.026794589069331576
0.9721750997270627;0.026232224982414634
0.9721750997270627;0.025669860895497693
0.9721750997270627;0.02510749680858075
0.9721750997270627;0.024545132721663795
0.9721939276547039;0.022998768912770973
0.9721750997270627;0.02229567637399603
0.9721750997270627;0.021733312287079087
0.9721750997270627;0.021170948200162146
0.9721750997270627;0.020608584113245204
0.9721750997270627;0.02004622002632825
0.9721750997270627;0.019483855939411307
0.9721750997270627;0.018921491852494365
0.9721750997270627;0.018359127765577424
0.9721750997270627;0.017796763678660482
0.9721750997270627;0.01723439959174354
0.9721750997270627;0.0166720355048266
0.9721750997270627;0.016109671417909657
0.9721939276547039;0.010626759000598215
0.9721750997270627;0.009923666461823272
0.9721750997270627;0.00936130237490633
0.9721750997270627;0.008798938287989388
0.9721750997270627;0.008236574201072447
0.9721750997270627;0.007674210114155505
0.9721750997270627;0.007111846027238564
0.9721750997270627;0.006549481940321608
0.9721750997270627;0.0059871178534046665
0.9721939276547039;0.0016289336099271218
0.9721750997270627;0.0009258410711521781
0.9721750997270627;0.00043377249509984894
0.9723068952205509;0.023843139623919
0.9723068952205509;0.015407678320164847
0.9722880672929097;0.014704585781389903
0.9722880672929097;0.014142221694472962
0.9722880672929097;0.01357985760755602
0.9722880672929097;0.013017493520639065
0.9722880672929097;0.012455129433722123
0.9722880672929097;0.011892765346805181
0.9722880672929097;0.01133040125988824
0.9723068952205509;0.005285124755659856
0.9722880672929097;0.0045820322168849265
0.9722880672929097;0.004019668129967971
0.9722880672929097;0.0034573040430510293
0.9722880672929097;0.0028949399561340877
0.9722880672929097;0.002332575869217146
0.9724010348587567;0.030873377861024634
0.9724010348587567;0.030311013774107692
0.9724010348587567;0.029748649687190737
0.9724010348587567;0.029186285600273795
0.9724010348587567;0.028623921513356854
0.9724010348587567;0.028061557426439912
0.9724010348587567;0.02749919333952297
0.9724010348587567;0.02693682925260603
0.9724010348587567;0.026374465165689087
0.9724010348587567;0.02581210107877213
0.9724010348587567;0.02524973699185519
0.9724010348587567;0.02468737290493825
0.9724010348587567;0.023000280644187424
0.9724010348587567;0.022437916557270482
0.9724010348587567;0.02187555247035354
0.9724010348587567;0.0213131883834366
0.9724010348587567;0.020750824296519643
0.9724010348587567;0.0201884602096027
0.9724010348587567;0.01962609612268576
0.9724010348587567;0.01906373203576882
0.9724010348587567;0.018501367948851877
0.9724010348587567;0.017939003861934935
0.9724010348587567;0.017376639775017994
0.9724010348587567;0.016814275688101038
0.9724010348587567;0.016251911601184096
0.9724010348587567;0.010628270732014666
0.9724010348587567;0.010065906645097725
0.9724010348587567;0.009503542558180783
0.9724010348587567;0.008941178471263841
0.9724010348587567;0.0083788143843469
0.9724010348587567;0.007816450297429944
0.9724010348587567;0.007254086210513003
0.9724010348587567;0.006691722123596061
0.9724010348587567;0.0061293580366791195
0.9724010348587567;0.0016304453413435727
0.9724010348587567;0.001068081254426631
0.9724010348587567;0.0005057171675096894
0.9725328303522448;0.024125970828922677
0.9725140024246036;0.023422878290147733
0.9725328303522448;0.015690509525168525
0.9725140024246036;0.014987416986393581
0.9725140024246036;0.01442505289947664
0.9725140024246036;0.013862688812559698
0.9725140024246036;0.013300324725642756
0.9725140024246036;0.012737960638725815
0.9725140024246036;0.012175596551808873
0.9725140024246036;0.011613232464891932
0.9725140024246036;0.011050868377974976
0.9725328303522448;0.005567955960663548
0.9725140024246036;0.004864863421888604
0.9725140024246036;0.004302499334971663
0.9725140024246036;0.003740135248054721
0.9725140024246036;0.0031777711611377796
0.9725140024246036;0.002615407074220838
0.9725140024246036;0.0020530429873038825
0.9726457979180918;0.031156346496157075
0.9726269699904506;0.030453253957382118
0.9726269699904506;0.029890889870465176
0.9726269699904506;0.029328525783548234
0.9726269699904506;0.028766161696631293
0.9726269699904506;0.02820379760971435
0.9726269699904506;0.02764143352279741
0.9726269699904506;0.027079069435880468
0.9726269699904506;0.026516705348963512
0.9726269699904506;0.02595434126204657
0.9726269699904506;0.02539197717512963
0.9726269699904506;0.024829613088212688
0.9726457979180918;0.022720885192402923
0.9726269699904506;0.022017792653627966
0.9726269699904506;0.021455428566711024
0.9726269699904506;0.020893064479794082
0.9726269699904506;0.02033070039287714
0.9726269699904506;0.0197683363059602
0.9726269699904506;0.019205972219043257
0.9726269699904506;0.018643608132126316
0.9726269699904506;0.018081244045209374
0.9726269699904506;0.01751887995829242
0.9726269699904506;0.016956515871375477
0.9726269699904506;0.016394151784458535
0.9726457979180918;0.01034887528023018
0.9726269699904506;0.009645782741455222
0.9726269699904506;0.00908341865453828
0.9726269699904506;0.008521054567621325
0.9726269699904506;0.007958690480704383
0.9726269699904506;0.007396326393787442
0.9726269699904506;0.0068339623068705
0.9726269699904506;0.006271598219953559
0.9726457979180918;0.0013510498895590861
0.9726269699904506;0.0006479573507841285
0.9725704862075271;0.00036636301693934725
0.9727587654839387;0.02412761999046789
0.9727399375562975;0.023424527451692934
0.9727587654839387;0.01569215868671374
0.9727399375562975;0.014989066147938782
0.9727399375562975;0.01442670206102184
0.9727399375562975;0.013864337974104898
0.9727399375562975;0.013301973887187957
0.9727399375562975;0.012739609800271015
0.9727399375562975;0.012177245713354073
0.9727399375562975;0.011614881626437132
0.9727399375562975;0.011052517539520176
0.9727587654839387;0.005569605122208762
0.9727399375562975;0.004866512583433805
0.9727399375562975;0.004304148496516863
0.9727399375562975;0.0037417844095999214
0.9727399375562975;0.00317942032268298
0.9727399375562975;0.002617056235766038
0.9727399375562975;0.0020546921488490827
0.9728529051221445;0.031720222314490454
0.9728529051221445;0.031157858227573512
0.9728529051221445;0.03059549414065657
0.9728529051221445;0.03003313005373963
0.9728529051221445;0.029470765966822687
0.9728529051221445;0.028908401879905746
0.9728529051221445;0.028346037792988804
0.9728529051221445;0.02778367370607185
0.9728529051221445;0.027221309619154907
0.9728529051221445;0.026658945532237965
0.9728529051221445;0.026096581445321024
0.9728529051221445;0.025534217358404082
0.9728529051221445;0.02497185327148714
0.9728529051221445;0.02272239692381936
0.9728529051221445;0.02216003283690242
0.9728529051221445;0.021597668749985477
0.9728529051221445;0.021035304663068535
0.9728529051221445;0.020472940576151594
0.9728529051221445;0.019910576489234652
0.9728529051221445;0.01934821240231771
0.9728529051221445;0.018785848315400755
0.9728529051221445;0.018223484228483813
0.9728529051221445;0.01766112014156687
0.9728529051221445;0.01709875605464993
0.9728529051221445;0.01653639196773299
0.9728529051221445;0.010350387011646617
0.9728529051221445;0.009788022924729661
0.9728529051221445;0.00922565883781272
0.9728529051221445;0.008663294750895778
0.9728529051221445;0.008100930663978836
0.9728529051221445;0.007538566577061895
0.9728529051221445;0.006976202490144953
0.9728529051221445;0.006413838403228012
0.9728529051221445;0.0013525616209755231
0.9728529051221445;0.0007901975340585676
0.9728529051221445;0.0003684244688708649
0.9729847006156326;0.02441045119547157
0.9729658726879914;0.023707358656696625
0.9729658726879914;0.023144994569779684
0.9729847006156326;0.015974989891717417
0.9729658726879914;0.015271897352942473
0.9729658726879914;0.014709533266025532
0.9729658726879914;0.01414716917910859
0.9729658726879914;0.013584805092191649
0.9729658726879914;0.013022441005274693
0.9729658726879914;0.012460076918357751
0.9729658726879914;0.01189771283144081
0.9729658726879914;0.011335348744523868
0.9729658726879914;0.010772984657606927
0.9729847006156326;0.00585243632721244
0.9729658726879914;0.0051493437884374965
0.9729658726879914;0.004586979701520555
0.9729658726879914;0.004024615614603599
0.9729658726879914;0.0034622515276866578
0.9729658726879914;0.002899887440769716
0.9729658726879914;0.0023375233538527745
0.9729658726879914;0.001775159266935833
0.9730788402538384;0.032003053519494146
0.9730788402538384;0.031440689432577204
0.9730788402538384;0.030878325345660262
0.9730788402538384;0.03031596125874332
0.9730788402538384;0.029753597171826365
0.9730788402538384;0.029191233084909424
0.9730788402538384;0.028628868997992482
0.9730788402538384;0.02806650491107554
0.9730788402538384;0.0275041408241586
0.9730788402538384;0.026941776737241657
0.9730788402538384;0.026379412650324716
0.9730788402538384;0.02581704856340776
0.9730788402538384;0.02525468447649082
0.9730788402538384;0.02244286404190611
0.9730788402538384;0.02188049995498917
0.9730788402538384;0.021318135868072227
0.9730788402538384;0.02075577178115527
0.9730788402538384;0.02019340769423833
0.9730788402538384;0.01963104360732139
0.9730788402538384;0.019068679520404447
0.9730788402538384;0.018506315433487505
0.9730788402538384;0.017943951346570564
0.9730788402538384;0.017381587259653622
0.9730788402538384;0.016819223172736666
0.9730788402538384;0.010070854129733353
0.9730788402538384;0.009508490042816412
0.9730788402538384;0.00894612595589947
0.9730788402538384;0.008383761868982528
0.9730788402538384;0.007821397782065573
0.9730788402538384;0.007259033695148631
0.9730788402538384;0.0066966696082316896
0.9730788402538384;0.0010730287390622595
0.9730788402538384;0.0005106646521453179
0.9732106357473265;0.024693282400475247
0.9731918078196854;0.023990189861700303
0.9731918078196854;0.023427825774783362
0.9731918078196854;0.02286546168786642
0.9732106357473265;0.016257821096721095
0.9731918078196854;0.015554728557946151
0.9731918078196854;0.01499236447102921
0.9731918078196854;0.014430000384112268
0.9731918078196854;0.013867636297195327
0.9731918078196854;0.013305272210278385
0.9731918078196854;0.012742908123361443
0.9731918078196854;0.012180544036444502
0.9731918078196854;0.01161817994952756
0.9731918078196854;0.011055815862610605
0.9731918078196854;0.010493451775693663
0.9732106357473265;0.006135267532216118
0.9731918078196854;0.0054321749934411745
0.9731918078196854;0.004869810906524233
0.9731918078196854;0.004307446819607291
0.9731918078196854;0.0037450827326903496
0.9731918078196854;0.003182718645773408
0.9731918078196854;0.0026203545588564664
0.9731918078196854;0.002057990471939511
0.9731918078196854;0.0014956263850225693
0.9733047753855323;0.032285884724497824
0.9733047753855323;0.03172352063758088
0.9733047753855323;0.03116115655066394
0.9733047753855323;0.030598792463747
0.9733047753855323;0.030036428376830057
0.9733047753855323;0.029474064289913116
0.9733047753855323;0.028911700202996174
0.9733047753855323;0.028349336116079232
0.9733047753855323;0.027786972029162277
0.9733047753855323;0.027224607942245335
0.9733047753855323;0.026662243855328394
0.9733047753855323;0.026099879768411452
0.9733047753855323;0.02553751568149451
0.9733047753855323;0.022163331159992847
0.9733047753855323;0.021600967073075905
0.9733047753855323;0.021038602986158964
0.9733047753855323;0.020476238899242022
0.9733047753855323;0.01991387481232508
0.9733047753855323;0.01935151072540814
0.9733047753855323;0.018789146638491183
0.9733047753855323;0.01822678255157424
0.9733047753855323;0.0176644184646573
0.9733047753855323;0.01710205437774036
0.9733047753855323;0.00979132124782009
0.9733047753855323;0.009228957160903148
0.9733047753855323;0.008666593073986206
0.9733047753855323;0.008104228987069265
0.9733047753855323;0.007541864900152323
0.9733047753855323;0.006979500813235381
0.9733047753855323;0.0007934958571489958
0.9733047753855323;0.0003717227919612931
0.9734177429513793;0.024975976175350176
0.9734177429513793;0.024413612088433234
0.9734177429513793;0.023851248001516293
0.9734177429513793;0.023288883914599337
0.9734177429513793;0.022726519827682395
0.9734177429513793;0.016540514871596024
0.9734177429513793;0.015978150784679082
0.9734177429513793;0.01541578669776214
0.9734177429513793;0.014853422610845199
0.9734177429513793;0.014291058523928243
0.9734177429513793;0.013728694437011302
0.9734177429513793;0.01316633035009436
0.9734177429513793;0.012603966263177419
0.9734177429513793;0.012041602176260477
0.9734177429513793;0.011479238089343535
0.9734177429513793;0.010916874002426594
0.9734177429513793;0.010354509915509652
0.9734177429513793;0.006417961307091047
0.9734177429513793;0.005855597220174105
0.9734177429513793;0.00529323313325715
0.9734177429513793;0.004730869046340208
0.9734177429513793;0.0041685049594232665
0.9734177429513793;0.003606140872506325
0.9734177429513793;0.0030437767855893832
0.9734177429513793;0.0024814126986724416
0.9734177429513793;0.0019190486117555
0.9734177429513793;0.0013566845248385584
0.9735495384448674;0.0322876713161718
0.9735307105172262;0.03158457877739687
0.9735307105172262;0.031022214690479916
0.9735307105172262;0.030459850603562974
0.9735307105172262;0.029897486516646032
0.9735307105172262;0.02933512242972909
0.9735307105172262;0.02877275834281215
0.9735307105172262;0.028210394255895208
0.9735307105172262;0.027648030168978266
0.9735307105172262;0.027085666082061324
0.9735307105172262;0.02652330199514437
0.9735307105172262;0.025960937908227427
0.9735307105172262;0.025398573821310486
0.9735495384448674;0.022165117751666824
0.9735307105172262;0.02146202521289188
0.9735307105172262;0.02089966112597494
0.9735307105172262;0.020337297039057997
0.9735307105172262;0.019774932952141056
0.9735307105172262;0.019212568865224114
0.9735307105172262;0.018650204778307172
0.9735307105172262;0.01808784069139023
0.9735307105172262;0.017525476604473275
0.9735307105172262;0.016963112517556334
0.9735495384448674;0.009793107839494067
0.9735307105172262;0.009090015300719137
0.9735307105172262;0.008527651213802181
0.9735307105172262;0.00796528712688524
0.9735307105172262;0.007402923039968298
0.9735307105172262;0.006840558953051357
0.9735495384448674;0.0007952824488229732
0.9734742267343027;0.0003729596631202037
0.9736436780830732;0.024696443293436898
0.9736436780830732;0.024134079206519957
0.9736436780830732;0.023571715119603015
0.9736436780830732;0.023009351032686073
0.9736436780830732;0.016260981989682746
0.9736436780830732;0.015698617902765805
0.9736436780830732;0.015136253815848863
0.9736436780830732;0.014573889728931921
0.9736436780830732;0.01401152564201498
0.9736436780830732;0.013449161555098038
0.9736436780830732;0.012886797468181097
0.9736436780830732;0.012324433381264155
0.9736436780830732;0.0117620692943472
0.9736436780830732;0.011199705207430258
0.9736436780830732;0.010637341120513316
0.9736436780830732;0.006138428425177769
0.9736436780830732;0.005576064338260828
0.9736436780830732;0.005013700251343886
0.9736436780830732;0.0044513361644269445
0.9736436780830732;0.003888972077510003
0.9736436780830732;0.0033266079905930612
0.9736436780830732;0.0027642439036761057
0.9736436780830732;0.002201879816759164
0.9736436780830732;0.0016395157298422225
0.9737566456489201;0.032570365091046716
0.9737566456489201;0.032008001004129774
0.9737566456489201;0.03144563691721283
0.9737566456489201;0.03088327283029589
0.9737566456489201;0.03032090874337895
0.9737566456489201;0.029758544656461994
0.9737566456489201;0.029196180569545052
0.9737566456489201;0.02863381648262811
0.9737566456489201;0.02807145239571117
0.9737566456489201;0.027509088308794227
0.9737566456489201;0.026946724221877286
0.9737566456489201;0.026384360134960344
0.9737566456489201;0.02582199604804339
0.9737566456489201;0.025259631961126447
0.9737566456489201;0.02244781152654174
0.9737566456489201;0.021885447439624797
0.9737566456489201;0.021323083352707856
0.9737566456489201;0.0207607192657909
0.9737566456489201;0.02019835517887396
0.9737566456489201;0.019635991091957017
0.9737566456489201;0.019073627005040075
0.9737566456489201;0.018511262918123134
0.9737566456489201;0.017948898831206192
0.9737566456489201;0.01738653474428925
0.9737566456489201;0.016824170657372295
0.9737566456489201;0.010075801614368982
0.9737566456489201;0.00951343752745204
0.9737566456489201;0.008951073440535098
0.9737566456489201;0.008388709353618157
0.9737566456489201;0.007826345266701201
0.9737566456489201;0.00726398117978426
0.9737566456489201;0.006701617092867318
0.9737566456489201;0.001077976223697888
0.9737566456489201;0.0005156121367809463
0.9738696132147671;0.024698092454982112
0.9738696132147671;0.02413572836806517
0.9738696132147671;0.02357336428114823
0.9738696132147671;0.023011000194231288
0.9738696132147671;0.01626263115122796
0.9738696132147671;0.01570026706431102
0.9738696132147671;0.015137902977394077
0.9738696132147671;0.014575538890477135
0.9738696132147671;0.014013174803560194
0.9738696132147671;0.013450810716643252
0.9738696132147671;0.01288844662972631
0.9738696132147671;0.012326082542809369
0.9738696132147671;0.011763718455892413
0.9738696132147671;0.011201354368975472
0.9738696132147671;0.01063899028205853
0.9738696132147671;0.006140077586722983
0.9738696132147671;0.005577713499806042
0.9738696132147671;0.0050153494128891
0.9738696132147671;0.004452985325972159
0.9738696132147671;0.003890621239055217
0.9738696132147671;0.0033282571521382753
0.9738696132147671;0.00276589306522132
0.9738696132147671;0.002203528978304378
0.9738696132147671;0.0016411648913874366
0.9739825807806141;0.03257201425259193
0.9739825807806141;0.03200965016567499
0.9739825807806141;0.03144728607875805
0.9739825807806141;0.030884921991841105
0.9739825807806141;0.030322557904924163
0.9739825807806141;0.029760193818007208
0.9739825807806141;0.029197829731090266
0.9739825807806141;0.028635465644173325
0.9739825807806141;0.028073101557256383
0.9739825807806141;0.02751073747033944
0.9739825807806141;0.0269483733834225
0.9739825807806141;0.026386009296505558
0.9739825807806141;0.025823645209588603
0.9739825807806141;0.02526128112267166
0.9739825807806141;0.022449460688086953
0.9739825807806141;0.02188709660117001
0.9739825807806141;0.02132473251425307
0.9739825807806141;0.020762368427336114
0.9739825807806141;0.020200004340419173
0.9739825807806141;0.01963764025350223
0.9739825807806141;0.01907527616658529
0.9739825807806141;0.018512912079668348
0.9739825807806141;0.017950547992751406
0.9739825807806141;0.017388183905834464
0.9739825807806141;0.01682581981891751
0.9739825807806141;0.010077450775914196
0.9739825807806141;0.009515086688997254
0.9739825807806141;0.008952722602080312
0.9739825807806141;0.00839035851516337
0.9739825807806141;0.007827994428246415
0.9739825807806141;0.007265630341329474
0.9739825807806141;0.006703266254412532
0.9739825807806141;0.001079625385243102
0.9739825807806141;0.0005172612983261604
0.974095548346461;0.024699741616527326
0.974095548346461;0.024137377529610385
0.974095548346461;0.023575013442693443
0.974095548346461;0.0230126493557765
0.974095548346461;0.016264280312773174
0.974095548346461;0.015701916225856233
0.974095548346461;0.015139552138939291
0.974095548346461;0.01457718805202235
0.974095548346461;0.014014823965105408
0.974095548346461;0.013452459878188466
0.974095548346461;0.012890095791271525
0.974095548346461;0.012327731704354583
0.974095548346461;0.011765367617437628
0.974095548346461;0.011203003530520686
0.974095548346461;0.010640639443603744
0.974095548346461;0.0061417267482681975
0.974095548346461;0.005579362661351256
0.974095548346461;0.005016998574434314
0.974095548346461;0.004454634487517373
0.974095548346461;0.003892270400600431
0.974095548346461;0.0033299063136834894
0.974095548346461;0.002767542226766534
0.974095548346461;0.0022051781398495923
0.974095548346461;0.0016428140529326507
0.9742273438399491;0.03257380084426591
0.974208515912308;0.03187070830549096
0.974208515912308;0.03130834421857402
0.974208515912308;0.03074598013165708
0.974208515912308;0.03018361604474014
0.974208515912308;0.029621251957823197
0.974208515912308;0.02905888787090624
0.974208515912308;0.0284965237839893
0.974208515912308;0.027934159697072358
0.974208515912308;0.027371795610155417
0.974208515912308;0.026809431523238475
0.974208515912308;0.026247067436321533
0.974208515912308;0.025684703349404592
0.974208515912308;0.02512233926248765
0.9742273438399491;0.02245124727976093
0.974208515912308;0.021748154740985987
0.974208515912308;0.021185790654069045
0.974208515912308;0.020623426567152103
0.974208515912308;0.020061062480235148
0.974208515912308;0.019498698393318206
0.974208515912308;0.018936334306401265
0.974208515912308;0.018373970219484323
0.974208515912308;0.01781160613256738
0.974208515912308;0.01724924204565044
0.974208515912308;0.016686877958733498
0.9742273438399491;0.010079237367588173
0.974208515912308;0.00937614482881323
0.974208515912308;0.008813780741896288
0.974208515912308;0.008251416654979346
0.974208515912308;0.0076890525680624044
0.974208515912308;0.007126688481145463
0.974208515912308;0.006564324394228507
0.9742273438399491;0.0010814119769170794
0.974208515912308;0.00044861494900674814
0.9743214834781548;0.024420208734614077
0.9743214834781548;0.023857844647697135
0.9743214834781548;0.02329548056078018
0.9743214834781548;0.015984747430859925
0.9743214834781548;0.015422383343942983
0.9743214834781548;0.014860019257026041
0.9743214834781548;0.014297655170109086
0.9743214834781548;0.013735291083192144
0.9743214834781548;0.013172926996275203
0.9743214834781548;0.012610562909358261
0.9743214834781548;0.01204819882244132
0.9743214834781548;0.011485834735524378
0.9743214834781548;0.010923470648607436
0.9743214834781548;0.005862193866354948
0.9743214834781548;0.005299829779437992
0.9743214834781548;0.004737465692521051
0.9743214834781548;0.004175101605604109
0.9743214834781548;0.0036127375186871674
0.9743214834781548;0.003050373431770226
0.9743214834781548;0.002488009344853284
0.9743214834781548;0.0019256452579363426
0.9744344510440018;0.032856494619140836
0.9744344510440018;0.03229413053222388
0.9744344510440018;0.03173176644530694
0.9744344510440018;0.031169402358389997
0.9744344510440018;0.030607038271473055
0.9744344510440018;0.030044674184556114
0.9744344510440018;0.029482310097639172
0.9744344510440018;0.02891994601072223
0.9744344510440018;0.02835758192380529
0.9744344510440018;0.027795217836888333
0.9744344510440018;0.027232853749971392
0.9744344510440018;0.02667048966305445
0.9744344510440018;0.02610812557613751
0.9744344510440018;0.025545761489220567
0.9744344510440018;0.024983397402303625
0.9744344510440018;0.022733941054635845
0.9744344510440018;0.022171576967718903
0.9744344510440018;0.021609212880801962
0.9744344510440018;0.02104684879388502
0.9744344510440018;0.02048448470696808
0.9744344510440018;0.019922120620051137
0.9744344510440018;0.019359756533134195
0.9744344510440018;0.01879739244621724
0.9744344510440018;0.018235028359300298
0.9744344510440018;0.017672664272383357
0.9744344510440018;0.017110300185466415
0.9744344510440018;0.016547936098549473
0.9744344510440018;0.010361931142463102
0.9744344510440018;0.009799567055546146
0.9744344510440018;0.009237202968629205
0.9744344510440018;0.008674838881712263
0.9744344510440018;0.008112474794795321
0.9744344510440018;0.00755011070787838
0.9744344510440018;0.006987746620961438
0.9744344510440018;0.0064253825340444964
0.9744344510440018;0.001364105751792008
0.9744344510440018;0.0008017416648750525
0.9744344510440018;0.00037996859968734975
0.9745662465374899;0.024421995326288054
0.9745474186098487;0.023718902787513096
0.9745474186098487;0.023156538700596155
0.9745662465374899;0.015986534022533902
0.9745474186098487;0.015283441483758944
0.9745474186098487;0.014721077396842003
0.9745474186098487;0.014158713309925061
0.9745474186098487;0.01359634922300812
0.9745474186098487;0.013033985136091164
0.9745474186098487;0.012471621049174222
0.9745474186098487;0.01190925696225728
0.9745474186098487;0.01134689287534034
0.9745474186098487;0.010784528788423398
0.9745662465374899;0.005863980458028925
0.9745474186098487;0.0051608879192539675
0.9745474186098487;0.004598523832337026
0.9745474186098487;0.00403615974542007
0.9745474186098487;0.0034737956585031288
0.9745474186098487;0.002911431571586187
0.9745474186098487;0.0023490674846692455
0.9745474186098487;0.001786703397752304
0.9746603861756957;0.03257696173722756
0.9746603861756957;0.03201459765031062
0.9746603861756957;0.031452233563393675
0.9746603861756957;0.030889869476476733
0.9746603861756957;0.030327505389559792
0.9746603861756957;0.029765141302642836
0.9746603861756957;0.029202777215725895
0.9746603861756957;0.028640413128808953
0.9746603861756957;0.02807804904189201
0.9746603861756957;0.02751568495497507
0.9746603861756957;0.026953320868058128
0.9746603861756957;0.026390956781141187
0.9746603861756957;0.02582859269422423
0.9746603861756957;0.02526622860730729
0.9746603861756957;0.02245440817272258
0.9746603861756957;0.02189204408580564
0.9746603861756957;0.021329679998888698
0.9746603861756957;0.020767315911971743
0.9746603861756957;0.0202049518250548
0.9746603861756957;0.01964258773813786
0.9746603861756957;0.019080223651220918
0.9746603861756957;0.018517859564303976
0.9746603861756957;0.017955495477387035
0.9746603861756957;0.017393131390470093
0.9746603861756957;0.016830767303553137
0.9746603861756957;0.010082398260549824
0.9746603861756957;0.009520034173632883
0.9746603861756957;0.008957670086715941
0.9746603861756957;0.008395305999799
0.9746603861756957;0.007832941912882044
0.9746603861756957;0.007270577825965102
0.9746603861756957;0.0067082137390481605
0.9746603861756957;0.0010845728698787305
0.9746603861756957;0.0005222087829617889
0.9747733537415427;0.024704689101162955
0.9747733537415427;0.024142325014246013
0.9747733537415427;0.02357996092732907
0.9747733537415427;0.02301759684041213
0.9747733537415427;0.016269227797408803
0.9747733537415427;0.01570686371049186
0.9747733537415427;0.01514449962357492
0.9747733537415427;0.014582135536657978
0.9747733537415427;0.014019771449741036
0.9747733537415427;0.013457407362824095
0.9747733537415427;0.012895043275907153
0.9747733537415427;0.012332679188990212
0.9747733537415427;0.011770315102073256
0.9747733537415427;0.011207951015156314
0.9747733537415427;0.010645586928239373
0.9747733537415427;0.006146674232903826
0.9747733537415427;0.005584310145986884
0.9747733537415427;0.005021946059069943
0.9747733537415427;0.004459581972153001
0.9747733537415427;0.0038972178852360595
0.9747733537415427;0.003334853798319118
0.9747733537415427;0.0027724897114021624
0.9747733537415427;0.0022101256244852208
0.9747733537415427;0.0016477615375682791
0.9748863213073896;0.03257861089877277
0.9748863213073896;0.03201624681185583
0.9748863213073896;0.03145388272493889
0.9748863213073896;0.030891518638021948
0.9748863213073896;0.030329154551105006
0.9748863213073896;0.02976679046418805
0.9748863213073896;0.02920442637727111
0.9748863213073896;0.028642062290354167
0.9748863213073896;0.028079698203437226
0.9748863213073896;0.027517334116520284
0.9748863213073896;0.026954970029603342
0.9748863213073896;0.0263926059426864
0.9748863213073896;0.025830241855769445
0.9748863213073896;0.025267877768852504
0.9748863213073896;0.022456057334267795
0.9748863213073896;0.021893693247350854
0.9748863213073896;0.021331329160433912
0.9748863213073896;0.020768965073516957
0.9748863213073896;0.020206600986600015
0.9748863213073896;0.019644236899683074
0.9748863213073896;0.019081872812766132
0.9748863213073896;0.01851950872584919
0.9748863213073896;0.01795714463893225
0.9748863213073896;0.017394780552015307
0.9748863213073896;0.01683241646509835
0.9748863213073896;0.010084047422095038
0.9748863213073896;0.009521683335178097
0.9748863213073896;0.008959319248261155
0.9748863213073896;0.008396955161344213
0.9748863213073896;0.007834591074427258
0.9748863213073896;0.007272226987510316
0.9748863213073896;0.006709862900593375
0.9748863213073896;0.0010862220314239446
0.9748863213073896;0.000523857944507003
0.9749992888732366;0.02470633826270817
0.9749992888732366;0.024143974175791227
0.9749992888732366;0.023581610088874286
0.9749992888732366;0.023019246001957344
0.9749992888732366;0.016270876958954017
0.9749992888732366;0.015708512872037075
0.9749992888732366;0.015146148785120134
0.9749992888732366;0.014583784698203192
0.9749992888732366;0.01402142061128625
0.9749992888732366;0.013459056524369309
0.9749992888732366;0.012896692437452367
0.9749992888732366;0.012334328350535426
0.9749992888732366;0.01177196426361847
0.9749992888732366;0.011209600176701529
0.9749992888732366;0.010647236089784587
0.9749992888732366;0.00614832339444904
0.9749992888732366;0.0055859593075320985
0.9749992888732366;0.005023595220615157
0.9749992888732366;0.004461231133698215
0.9749992888732366;0.0038988670467812736
0.9749992888732366;0.003336502959864332
0.9749992888732366;0.0027741388729473765
0.9749992888732366;0.002211774786030435
0.9749992888732366;0.0016494106991134933
0.9751122564390835;0.03243966903858875
0.9751122564390835;0.031877304951671806
0.9751122564390835;0.031314940864754864
0.9751122564390835;0.030752576777837923
0.9751122564390835;0.03019021269092098
0.9751122564390835;0.02962784860400404
0.9751122564390835;0.029065484517087084
0.9751122564390835;0.028503120430170142
0.9751122564390835;0.0279407563432532
0.9751122564390835;0.02737839225633626
0.9751122564390835;0.026816028169419318
0.9751122564390835;0.026253664082502376
0.9751122564390835;0.025691299995585434
0.9751122564390835;0.025128935908668493
0.9751310843667247;0.022457843925941773
0.9751122564390835;0.02175475138716683
0.9751122564390835;0.021192387300249887
0.9751122564390835;0.020630023213332946
0.9751122564390835;0.02006765912641599
0.9751122564390835;0.01950529503949905
0.9751122564390835;0.018942930952582107
0.9751122564390835;0.018380566865665166
0.9751122564390835;0.017818202778748224
0.9751122564390835;0.017255838691831282
0.9751122564390835;0.01669347460491434
0.9751310843667247;0.010085834013769016
0.9751122564390835;0.009382741474994072
0.9751122564390835;0.00882037738807713
0.9751122564390835;0.008258013301160189
0.9751122564390835;0.007695649214243247
0.9751122564390835;0.007133285127326305
0.9751122564390835;0.00657092104040935
0.9751310843667247;0.001088008623097922
0.9751122564390835;0.0004552115951875907
0.9752252240049305;0.02442680538079492
0.9752252240049305;0.023864441293877978
0.9752252240049305;0.023302077206961022
0.9752252240049305;0.015991344077040767
0.9752252240049305;0.015428979990123826
0.9752252240049305;0.014866615903206884
0.9752252240049305;0.014304251816289928
0.9752252240049305;0.013741887729372987
0.9752252240049305;0.013179523642456045
0.9752252240049305;0.012617159555539104
0.9752252240049305;0.012054795468622162
0.9752252240049305;0.01149243138170522
0.9752252240049305;0.010930067294788279
0.9752252240049305;0.00586879051253579
0.9752252240049305;0.005306426425618835
0.9752252240049305;0.004744062338701893
0.9752252240049305;0.004181698251784952
0.9752252240049305;0.00361933416486801
0.9752252240049305;0.0030569700779510683
0.9752252240049305;0.0024946059910341267
0.9752252240049305;0.001932241904117185
0.9753381915707774;0.03230072717840472
0.9753381915707774;0.03173836309148778
0.9753381915707774;0.03117599900457084
0.9753381915707774;0.030613634917653898
0.9753381915707774;0.030051270830736956
0.9753381915707774;0.029488906743820015
0.9753381915707774;0.028926542656903073
0.9753381915707774;0.02836417856998613
0.9753381915707774;0.027801814483069176
0.9753381915707774;0.027239450396152234
0.9753381915707774;0.026677086309235293
0.9753381915707774;0.02611472222231835
0.9753381915707774;0.02555235813540141
0.9753381915707774;0.024989994048484468
0.9753381915707774;0.022740537700816688
0.9753381915707774;0.022178173613899746
0.9753381915707774;0.021615809526982804
0.9753381915707774;0.021053445440065863
0.9753381915707774;0.02049108135314892
0.9753381915707774;0.01992871726623198
0.9753381915707774;0.019366353179315038
0.9753381915707774;0.018803989092398082
0.9753381915707774;0.01824162500548114
0.9753381915707774;0.0176792609185642
0.9753381915707774;0.017116896831647258
0.9753381915707774;0.016554532744730316
0.9753381915707774;0.010368527788643944
0.9753381915707774;0.009806163701726989
0.9753381915707774;0.009243799614810047
0.9753381915707774;0.008681435527893105
0.9753381915707774;0.008119071440976164
0.9753381915707774;0.007556707354059222
0.9753381915707774;0.006994343267142281
0.9753381915707774;0.006431979180225339
0.9753381915707774;0.0013707023979728505
0.9753381915707774;0.000808338311055895
0.9753381915707774;0.0003865652458681923
0.9754699870642656;0.024428591972468897
0.9754511591366244;0.023725499433693953
0.9754511591366244;0.02316313534677701
0.9754699870642656;0.015993130668714745
0.9754511591366244;0.0152900381299398
0.9754511591366244;0.01472767404302286
0.9754511591366244;0.014165309956105918
0.9754511591366244;0.013602945869188976
0.9754511591366244;0.01304058178227202
0.9754511591366244;0.012478217695355079
0.9754511591366244;0.011915853608438137
0.9754511591366244;0.011353489521521196
0.9754511591366244;0.010791125434604254
0.9754699870642656;0.005870577104209768
0.9754511591366244;0.005167484565434824
0.9754511591366244;0.004605120478517882
0.9754511591366244;0.004042756391600927
0.9754511591366244;0.003480392304683985
0.9754511591366244;0.0029180282177670436
0.9754511591366244;0.002355664130850102
0.9754511591366244;0.0017933000439331603
0.9755641267024714;0.03202119429649146
0.9755641267024714;0.03145883020957452
0.9755641267024714;0.030896466122657576
0.9755641267024714;0.030334102035740634
0.9755641267024714;0.02977173794882368
0.9755641267024714;0.029209373861906737
0.9755641267024714;0.028647009774989796
0.9755641267024714;0.028084645688072854
0.9755641267024714;0.027522281601155912
0.9755641267024714;0.02695991751423897
0.9755641267024714;0.02639755342732203
0.9755641267024714;0.025835189340405074
0.9755641267024714;0.025272825253488132
0.9755641267024714;0.022461004818903424
0.9755641267024714;0.021898640731986482
0.9755641267024714;0.02133627664506954
0.9755641267024714;0.020773912558152585
0.9755641267024714;0.020211548471235644
0.9755641267024714;0.019649184384318702
0.9755641267024714;0.01908682029740176
0.9755641267024714;0.01852445621048482
0.9755641267024714;0.017962092123567877
0.9755641267024714;0.017399728036650935
0.9755641267024714;0.01683736394973398
0.9755641267024714;0.010088994906730667
0.9755641267024714;0.009526630819813725
0.9755641267024714;0.008964266732896783
0.9755641267024714;0.008401902645979842
0.9755641267024714;0.007839538559062886
0.9755641267024714;0.007277174472145945
0.9755641267024714;0.006714810385229003
0.9755641267024714;0.001091169516059573
0.9755641267024714;0.0005288054291426314
0.9756959221959595;0.024711423177472575
0.9756770942683183;0.024008330638697617
0.9756770942683183;0.023445966551780675
0.9756770942683183;0.022883602464863734
0.9756959221959595;0.016275961873718423
0.9756770942683183;0.015572869334943465
0.9756770942683183;0.015010505248026523
0.9756770942683183;0.014448141161109582
0.9756770942683183;0.01388577707419264
0.9756770942683183;0.013323412987275698
0.9756770942683183;0.012761048900358757
0.9756770942683183;0.012198684813441815
0.9756770942683183;0.011636320726524874
0.9756770942683183;0.011073956639607918
0.9756770942683183;0.010511592552690976
0.9756959221959595;0.006153408309213446
0.9756770942683183;0.005450315770438488
0.9756770942683183;0.004887951683521546
0.9756770942683183;0.004325587596604605
0.9756770942683183;0.003763223509687663
0.9756770942683183;0.0032008594227707216
0.9756770942683183;0.00263849533585378
0.9756770942683183;0.0020761312489368244
0.9756770942683183;0.0015137671620198828
0.9757900618341653;0.03160107039284897
0.9757900618341653;0.031038706305932015
0.9757900618341653;0.030476342219015073
0.9757900618341653;0.029913978132098132
0.9757900618341653;0.02935161404518119
0.9757900618341653;0.02878924995826425
0.9757900618341653;0.028226885871347307
0.9757900618341653;0.027664521784430365
0.9757900618341653;0.027102157697513424
0.9757900618341653;0.026539793610596468
0.9757900618341653;0.025977429523679527
0.9757900618341653;0.025415065436762585
0.9758088897618064;0.022181609367118937
0.9757900618341653;0.02147851682834398
0.9757900618341653;0.020916152741427038
0.9757900618341653;0.020353788654510097
0.9757900618341653;0.019791424567593155
0.9757900618341653;0.019229060480676213
0.9757900618341653;0.01866669639375927
0.9757900618341653;0.01810433230684233
0.9757900618341653;0.017541968219925375
0.9757900618341653;0.016979604133008433
0.9758088897618064;0.00980959945494618
0.9757900618341653;0.009106506916171236
0.9757900618341653;0.008544142829254281
0.9757900618341653;0.00798177874233734
0.9757900618341653;0.007419414655420398
0.9757900618341653;0.006857050568503456
0.9758088897618064;0.0008117740642750865
0.9757335780512417;0.0003894512785723031
0.9759218573276534;0.024713072339017775
0.9759030294000122;0.02400997980024283
0.9759030294000122;0.02344761571332589
0.9759030294000122;0.022885251626408948
0.9759218573276534;0.016277611035263623
0.9759030294000122;0.015574518496488679
0.9759030294000122;0.015012154409571737
0.9759030294000122;0.014449790322654796
0.9759030294000122;0.013887426235737854
0.9759030294000122;0.013325062148820913
0.9759030294000122;0.012762698061903971
0.9759030294000122;0.01220033397498703
0.9759030294000122;0.011637969888070088
0.9759030294000122;0.011075605801153132
0.9759030294000122;0.01051324171423619
0.9759218573276534;0.006155057470758646
0.9759030294000122;0.005451964931983702
0.9759030294000122;0.0048896008450667605
0.9759030294000122;0.004327236758149819
0.9759030294000122;0.0037648726712328773
0.9759030294000122;0.0032025085843159357
0.9759030294000122;0.002640144497398994
0.9759030294000122;0.0020777804104820385
0.9759030294000122;0.001515416323565097
0.9759595131829357;0.031742898285737106
0.9760159969658592;0.031180946489206468
0.9760159969658592;0.030618582402289526
0.9760159969658592;0.030056218315372585
0.9760159969658592;0.029493854228455643
0.9760159969658592;0.0289314901415387
0.9760159969658592;0.02836912605462176
0.9760159969658592;0.027806761967704804
0.9760159969658592;0.027244397880787863
0.9760159969658592;0.02668203379387092
0.9760159969658592;0.02611966970695398
0.9760159969658592;0.025557305620037038
0.9760159969658592;0.022183121098535374
0.9760159969658592;0.021620757011618433
0.9760159969658592;0.02105839292470149
0.9760159969658592;0.02049602883778455
0.9760159969658592;0.019933664750867608
0.9760159969658592;0.019371300663950666
0.9760159969658592;0.01880893657703371
0.9760159969658592;0.01824657249011677
0.9760159969658592;0.017684208403199828
0.9760159969658592;0.017121844316282886
0.9760159969658592;0.009811111186362617
0.9760159969658592;0.009248747099445676
0.9760159969658592;0.008686383012528734
0.9760159969658592;0.008124018925611792
0.9760159969658592;0.007561654838694851
0.9760159969658592;0.006999290751777909
0.9760159969658592;0.0008132857956915235
0.9760159969658592;0.00039151273050382074
0.9761477924593472;0.024995903544021467
0.9761289645317061;0.024292811005246523
0.9761289645317061;0.02373044691832958
0.9761289645317061;0.02316808283141264
0.9761289645317061;0.022605718744495698
0.9761477924593472;0.016560442240267315
0.9761289645317061;0.01585734970149237
0.9761289645317061;0.01529498561457543
0.9761289645317061;0.014732621527658488
0.9761289645317061;0.014170257440741546
0.9761289645317061;0.013607893353824604
0.9761289645317061;0.013045529266907649
0.9761289645317061;0.012483165179990707
0.9761289645317061;0.011920801093073766
0.9761289645317061;0.011358437006156824
0.9761289645317061;0.010796072919239882
0.9761289645317061;0.01023370883232294
0.9761477924593472;0.006437888675762338
0.9761289645317061;0.005734796136987394
0.9761289645317061;0.005172432050070452
0.9761289645317061;0.004610067963153511
0.9761289645317061;0.004047703876236555
0.9761289645317061;0.0034853397893196136
0.9761289645317061;0.002922975702402672
0.9761289645317061;0.0023606116154857304
0.9761289645317061;0.0017982475285687888
0.9761289645317061;0.0012358834416518472
0.9761854483146296;0.031463365403823856
0.9762419320975531;0.03076082258556398
0.9762419320975531;0.030198458498647038
0.9762419320975531;0.029636094411730096
0.9762419320975531;0.02907373032481314
0.9762419320975531;0.0285113662378962
0.9762419320975531;0.027949002150979257
0.9762419320975531;0.027386638064062316
0.9762419320975531;0.026824273977145374
0.9762419320975531;0.026261909890228433
0.9762419320975531;0.02569954580331149
0.9762607600251942;0.021903725646750888
0.9762419320975531;0.021200633107975944
0.9762419320975531;0.020638269021059003
0.9762419320975531;0.020075904934142047
0.9762419320975531;0.019513540847225105
0.9762419320975531;0.018951176760308164
0.9762419320975531;0.018388812673391222
0.9762419320975531;0.01782644858647428
0.9762419320975531;0.01726408449955734
0.9762607600251942;0.00953171573457813
0.9762419320975531;0.008828623195803187
0.9762419320975531;0.008266259108886245
0.9762419320975531;0.007703895021969304
0.9762419320975531;0.007141530935052362
0.9762607600251942;0.0005807540178167925
0.9763548996634;0.024997415275437918
0.9763548996634;0.024435051188520976
0.9763548996634;0.023872687101604034
0.9763548996634;0.02331032301468708
0.9763548996634;0.022747958927770137
0.9763548996634;0.016561953971683765
0.9763548996634;0.015999589884766824
0.9763548996634;0.015437225797849882
0.9763548996634;0.01487486171093294
0.9763548996634;0.014312497624015985
0.9763548996634;0.013750133537099044
0.9763548996634;0.013187769450182102
0.9763548996634;0.01262540536326516
0.9763548996634;0.012063041276348219
0.9763548996634;0.011500677189431277
0.9763548996634;0.010938313102514335
0.9763548996634;0.010375949015597394
0.9763548996634;0.006439400407178789
0.9763548996634;0.005877036320261847
0.9763548996634;0.0053146722333448915
0.9763548996634;0.00475230814642795
0.9763548996634;0.004189944059511008
0.9763548996634;0.0036275799725940666
0.9763548996634;0.003065215885677125
0.9763548996634;0.0025028517987601834
0.9763548996634;0.0019404877118432418
0.9763548996634;0.0013781236249263001
0.9764678672292469;0.030200107660192252
0.9764678672292469;0.02963774357327531
0.9764678672292469;0.029075379486358355
0.9764678672292469;0.028513015399441413
0.9764113834463235;0.028090830043867407
0.9764113834463235;0.027528465956950465
0.9764678672292469;0.02598237700831517
0.9764678672292469;0.025420012921398227
0.9764866951568881;0.022186556851754566
0.9764678672292469;0.021483464312979622
0.9764678672292469;0.02092110022606268
0.9764678672292469;0.02035873613914574
0.9764678672292469;0.019796372052228797
0.9764678672292469;0.019234007965311856
0.9764678672292469;0.018671643878394914
0.9764678672292469;0.018109279791477972
0.9764678672292469;0.017546915704561017
0.9764678672292469;0.016984551617644075
0.9764866951568881;0.009814546939581809
0.9764678672292469;0.009111454400806879
0.9764678672292469;0.008549090313889923
0.9764678672292469;0.007986726226972982
0.9764678672292469;0.00742436214005604
0.9764678672292469;0.006861998053139098
0.9764866951568881;0.0008167215489107149
0.9764113834463235;0.0003943987632079454
0.9765243510121704;0.0265451533856184
0.976599662722735;0.024718019823653417
0.9765808347950939;0.02401492728487846
0.9765808347950939;0.023452563197961518
0.9765808347950939;0.022890199111044576
0.976599662722735;0.016282558519899265
0.9765808347950939;0.015579465981124307
0.9765808347950939;0.015017101894207366
0.9765808347950939;0.014454737807290424
0.9765808347950939;0.013892373720373483
0.9765808347950939;0.013330009633456541
0.9765808347950939;0.0127676455465396
0.9765808347950939;0.012205281459622658
0.9765808347950939;0.011642917372705716
0.9765808347950939;0.01108055328578876
0.9765808347950939;0.010518189198871819
0.976599662722735;0.006160004955394288
0.9765808347950939;0.005456912416619331
0.9765808347950939;0.004894548329702389
0.9765808347950939;0.004332184242785447
0.9765808347950939;0.0037698201558685057
0.9765808347950939;0.003207456068951564
0.9765808347950939;0.0026450919820346225
0.9765808347950939;0.002082727895117667
0.9765808347950939;0.0015203638082007254
0.9766373185780174;0.029779571466163432
0.9766938023609408;0.029217619669632794
0.9766938023609408;0.028655255582715852
0.9766938023609408;0.02809289149579891
0.9766938023609408;0.027460231898017343
0.9766373185780174;0.026124204901203305
0.9766938023609408;0.025562253104672666
0.9766938023609408;0.022188068583171003
0.9766938023609408;0.02162570449625406
0.9766938023609408;0.02106334040933712
0.9766938023609408;0.020500976322420178
0.9766938023609408;0.019938612235503236
0.9766938023609408;0.019376248148586295
0.9766938023609408;0.01881388406166934
0.9766938023609408;0.018251519974752398
0.9766938023609408;0.017689155887835456
0.9766938023609408;0.017126791800918514
0.9766938023609408;0.009816058670998246
0.9766938023609408;0.009253694584081304
0.9766938023609408;0.008691330497164362
0.9766938023609408;0.00812896641024742
0.9766938023609408;0.007566602323330479
0.9766938023609408;0.0070042382364135375
0.9766938023609408;0.0008182332803271519
0.9766373185780174;0.00039604792475314565
0.976825597854429;0.02500085102865711
0.9768067699267878;0.02429775848988215
0.9768067699267878;0.02373539440296521
0.9768067699267878;0.023173030316048268
0.9768067699267878;0.022610666229131327
0.976825597854429;0.016565389724902957
0.9768067699267878;0.015862297186128
0.9768067699267878;0.015299933099211058
0.9768067699267878;0.014737569012294116
0.9768067699267878;0.014175204925377174
0.9768067699267878;0.013612840838460233
0.9768067699267878;0.013050476751543277
0.9768067699267878;0.012488112664626336
0.9768067699267878;0.011925748577709394
0.9768067699267878;0.011363384490792452
0.9768067699267878;0.010801020403875511
0.9768067699267878;0.01023865631695857
0.976825597854429;0.00644283616039798
0.9768067699267878;0.005739743621623022
0.9768067699267878;0.005177379534706081
0.9768067699267878;0.004615015447789139
0.9768067699267878;0.004052651360872184
0.9768067699267878;0.003490287273955242
0.9768067699267878;0.0029279231870383005
0.9768067699267878;0.002365559100121359
0.9768067699267878;0.0018031950132044172
0.9768067699267878;0.0012408309262874756
0.9769197374926347;0.028797495765990305
0.9769197374926347;0.028235131679073364
0.9769197374926347;0.027672767592156422
0.9768632537097113;0.027109991214853177
0.9769197374926347;0.026477743907457912
0.9769197374926347;0.025845084309676344
0.9769385654202759;0.021908673131386516
0.9769197374926347;0.021205580592611573
0.9769197374926347;0.02064321650569463
0.9769197374926347;0.020080852418777675
0.9769197374926347;0.019518488331860734
0.9769197374926347;0.018956124244943792
0.9769197374926347;0.01839376015802685
0.9769197374926347;0.01783139607110991
0.9769197374926347;0.017269031984192967
0.9769385654202759;0.009536663219213759
0.9769197374926347;0.008833570680438815
0.9769197374926347;0.008271206593521874
0.9769197374926347;0.007708842506604932
0.9769197374926347;0.0071464784196879905
0.9770327050584817;0.02528354480353201
0.9770327050584817;0.024791476227479695
0.9770515329861229;0.023877772016368426
0.9770327050584817;0.023174679477593482
0.9770327050584817;0.02261231539067654
0.9770515329861229;0.016567038886448157
0.9770327050584817;0.015863946347673213
0.9770327050584817;0.015301582260756272
0.9770327050584817;0.01473921817383933
0.9770327050584817;0.014176854086922389
0.9770327050584817;0.013614490000005447
0.9770327050584817;0.013052125913088491
0.9770327050584817;0.01248976182617155
0.9770327050584817;0.011927397739254608
0.9770327050584817;0.011365033652337667
0.9770327050584817;0.010802669565420725
0.9770327050584817;0.010240305478503783
0.9770515329861229;0.00644448532194318
0.9770327050584817;0.0057413927831682365
0.9770327050584817;0.005179028696251295
0.9770327050584817;0.004616664609334353
0.9770327050584817;0.004054300522417398
0.9770327050584817;0.003491936435500456
0.9770327050584817;0.0029295723485835146
0.9770327050584817;0.002367208261666573
0.9770327050584817;0.0018751396856142438
0.9769762212755583;0.00152324984090485
0.9771456726243287;0.0279555987971601
0.9771456726243287;0.02739323471024316
0.9771456726243287;0.02690116613419083
0.9771456726243287;0.025706142449492334
0.9771645005519698;0.02191032229293173
0.9771456726243287;0.021207229754156787
0.9771456726243287;0.020644865667239845
0.9771456726243287;0.02008250158032289
0.9771456726243287;0.019520137493405948
0.9771456726243287;0.018957773406489006
0.9771456726243287;0.018395409319572065
0.9771456726243287;0.017833045232655123
0.9771456726243287;0.01727068114573818
0.9771645005519698;0.009538312380758973
0.9771456726243287;0.00883521984198403
0.9771456726243287;0.008272855755067088
0.9771456726243287;0.007710491668150146
0.9771456726243287;0.007148127581233205
0.9772586401901756;0.02500401192161876
0.9772586401901756;0.02444164783470182
0.9772586401901756;0.023879283747784877
0.9772586401901756;0.02331691966086792
0.9772586401901756;0.02275455557395098
0.9772586401901756;0.016568550617864608
0.9772586401901756;0.016006186530947666
0.9772586401901756;0.015443822444030725
0.9772586401901756;0.014881458357113783
0.9772586401901756;0.014319094270196828
0.9772586401901756;0.013756730183279886
0.9772586401901756;0.013194366096362944
0.9772586401901756;0.012632002009446003
0.9772586401901756;0.012069637922529061
0.9772586401901756;0.01150727383561212
0.9772586401901756;0.010944909748695178
0.9772586401901756;0.010382545661778236
0.9772586401901756;0.006445997053359631
0.9772586401901756;0.0058836329664426895
0.9772586401901756;0.005321268879525734
0.9772586401901756;0.004758904792608792
0.9772586401901756;0.004196540705691851
0.9772586401901756;0.003634176618774909
0.9772586401901756;0.0030718125318579675
0.9772586401901756;0.0025797439558056384
0.9772021564072522;0.0020872630893670058
0.977315123973099;0.02725388055967283
0.9773716077560226;0.026691928763142192
0.9773716077560226;0.02542660956757907
0.9773904356836637;0.02219315349793541
0.9773716077560226;0.021490060959160465
0.977315123973099;0.02106787560358646
0.9773716077560226;0.02036533278532658
0.9773716077560226;0.01980296869840964
0.9773716077560226;0.019240604611492698
0.9773716077560226;0.018678240524575757
0.9773716077560226;0.018115876437658815
0.9773716077560226;0.01755351235074186
0.9773716077560226;0.016991148263824918
0.9773904356836637;0.009821143585762651
0.9773716077560226;0.009118051046987721
0.9773716077560226;0.008555686960070766
0.9773716077560226;0.007993322873153824
0.9773716077560226;0.0074309587862368826
0.9773716077560226;0.006868594699319941
0.9774845753218695;0.024724479039705496
0.9774845753218695;0.024162114952788555
0.9774845753218695;0.023599750865871613
0.9774845753218695;0.02303738677895467
0.9774845753218695;0.016289017735951344
0.9774845753218695;0.015726653649034403
0.9774845753218695;0.015164289562117461
0.9774845753218695;0.01460192547520052
0.9774845753218695;0.014039561388283578
0.9774845753218695;0.013477197301366636
0.9774845753218695;0.012914833214449695
0.9774845753218695;0.012352469127532753
0.9774845753218695;0.011790105040615798
0.9774845753218695;0.011227740953698856
0.9774845753218695;0.010665376866781914
0.9774845753218695;0.0061664641714463675
0.9774845753218695;0.005604100084529426
0.9774845753218695;0.005041735997612484
0.9774845753218695;0.004479371910695543
0.9774845753218695;0.003917007823778601
0.9774845753218695;0.003424939247726272
0.977428091538946;0.0029324583812876392
0.977541059104793;0.026411983590842625
0.9775975428877165;0.025147076685665806
0.9776163708153577;0.0224759847029391
0.9775975428877165;0.021772892164164143
0.9775975428877165;0.0212105280772472
0.9775975428877165;0.02064816399033026
0.9775975428877165;0.020085799903413304
0.9775975428877165;0.019523435816496362
0.977541059104793;0.019101250460922356
0.9775975428877165;0.018539298664391718
0.9775975428877165;0.017976934577474776
0.9775975428877165;0.017414570490557835
0.9775975428877165;0.01685220640364088
0.9775975428877165;0.010103837360637566
0.9775975428877165;0.009541473273720624
0.9775975428877165;0.008979109186803683
0.9775975428877165;0.008416745099886741
0.9775975428877165;0.007854381012969786
0.9775975428877165;0.007292016926052844
0.9775975428877165;0.006729652839135902
0.9777105104535634;0.024444946157792233
0.9777105104535634;0.02388258207087529
0.9777105104535634;0.023320217983958336
0.9777293383812046;0.01629080432762532
0.9777105104535634;0.015587711788850364
0.9777105104535634;0.015025347701933423
0.9777105104535634;0.014462983615016481
0.9777105104535634;0.01390061952809954
0.9777105104535634;0.013338255441182598
0.9777105104535634;0.012775891354265656
0.9777105104535634;0.012213527267348714
0.9777105104535634;0.011651163180431773
0.9777105104535634;0.011088799093514817
0.9777105104535634;0.010526435006597876
0.9777293383812046;0.006168250763120345
0.9777105104535634;0.005465158224345387
0.9777105104535634;0.004902794137428446
0.9776540266706399;0.004480608781854439
0.9776540266706399;0.004058835716666723
0.9778234780194104;0.024867543803752543
0.9778423059470516;0.022758815907942764
0.9778234780194104;0.02205572336916782
0.9778234780194104;0.02149335928225088
0.9778234780194104;0.020930995195333937
0.9778234780194104;0.020368631108416996
0.9778234780194104;0.019806267021500054
0.9778234780194104;0.019243902934583113
0.9778234780194104;0.01868153884766617
0.9778234780194104;0.01811917476074923
0.9778234780194104;0.017556810673832274
0.9778234780194104;0.016994446586915332
0.9778423059470516;0.009824441908853065
0.9778234780194104;0.009121349370078136
0.9778234780194104;0.00855898528316118
0.9778234780194104;0.007996621196244239
0.9778234780194104;0.007434257109327297
0.9778234780194104;0.006871893022410355
0.9779364455852573;0.02402482225414973
0.9779364455852573;0.02346245816723279
0.9779552735128985;0.016292453489170522
0.9779364455852573;0.015589360950395578
0.9779364455852573;0.015026996863478637
0.9779364455852573;0.014464632776561695
0.9779364455852573;0.013902268689644753
0.9779364455852573;0.013339904602727812
0.9779364455852573;0.01277754051581087
0.9779364455852573;0.012215176428893929
0.9779364455852573;0.011652812341976987
0.9779364455852573;0.011090448255060031
0.9779364455852573;0.01052808416814309
0.9779552735128985;0.006216763598575301
0.9778799618023338;0.005606986117233537
0.9780494131511043;0.022760327639359215
0.9780494131511043;0.022197963552442274
0.9780494131511043;0.021635599465525332
0.9780494131511043;0.02107323537860839
0.9780494131511043;0.02051087129169145
0.9780494131511043;0.019948507204774507
0.9780494131511043;0.019386143117857565
0.9780494131511043;0.01882377903094061
0.9780494131511043;0.01826141494402367
0.9780494131511043;0.017699050857106727
0.9780494131511043;0.017136686770189785
0.9780494131511043;0.009825953640269516
0.9780494131511043;0.009263589553352575
0.9780494131511043;0.008701225466435633
0.9780494131511043;0.008138861379518691
0.9780494131511043;0.00757649729260175
0.9780494131511043;0.007014133205684808
0.9781058969340277;0.02332310401666246
0.9781812086445923;0.016575284694174214
0.9781623807169513;0.01587219215539927
0.9781623807169513;0.01502864602502385
0.9781623807169513;0.01432569091637767
0.9781623807169513;0.013763326829460729
0.9781623807169513;0.013200962742543787
0.9781623807169513;0.012638598655626845
0.9781623807169513;0.012076234568709904
0.9781623807169513;0.011513870481792962
0.9781623807169513;0.01095150639487602
0.9781623807169513;0.010389142307959079
0.9781058969340277;0.006592772430883395
0.9782188644998747;0.022480382467059662
0.9782753482827982;0.021777839648799785
0.9782753482827982;0.021215475561882843
0.9782753482827982;0.0206531114749659
0.9782753482827982;0.020090747388048946
0.9782753482827982;0.019528383301132005
0.9782753482827982;0.018966019214215063
0.9782753482827982;0.01840365512729812
0.9782753482827982;0.01784129104038118
0.9782753482827982;0.017278926953464238
0.9782941762104393;0.009827740231943494
0.9782753482827982;0.009124647693168564
0.9782753482827982;0.008562283606251608
0.9782188644998747;0.008140098250677602
0.9782188644998747;0.0075777341637606604
0.9783883158486452;0.016576796425590665
0.9783883158486452;0.016014432338673723
0.9783883158486452;0.015452068251756781
0.9783883158486452;0.01488970416483984
0.9783883158486452;0.014327340077922884
0.9783883158486452;0.012780838838901298
0.9783883158486452;0.012218474751984357
0.9783883158486452;0.011656110665067415
0.9783883158486452;0.01109374657815046
0.9783883158486452;0.010531382491233518
0.9784447996315686;0.020513757324395573
0.9784447996315686;0.019951393237478632
0.978501283414492;0.019389441440947994
0.978501283414492;0.018827077354031038
0.978501283414492;0.018264713267114097
0.978501283414492;0.017702349180197155
0.978501283414492;0.017139985093280213
0.978501283414492;0.01376580057177855
0.978501283414492;0.013273731995726235
0.9784447996315686;0.009828839672973641
0.9784447996315686;0.009407066607785938
0.978614250980339;0.016578445587135865
0.978614250980339;0.016016081500218923
0.978614250980339;0.015453717413301982
0.978614250980339;0.01489135332638504
0.978614250980339;0.014328989239468085
0.978614250980339;0.012712192489581872
0.9785577671974156;0.012219711623143253
0.978614250980339;0.011376577783154138
0.9785577671974156;0.010813801405850892
0.9786707347632625;0.01714122196443911
0.9786707347632625;0.013767037442937446
0.9786707347632625;0.013204673356020505
0.9776246334310851;0.025457114112635654
