0.9649451755128579;0.015635125183275186
0.9649451755128579;0.015072761096358245
0.9649451755128579;0.014510397009441303
0.9649451755128579;0.013948032922524362
0.9649451755128579;0.01338566883560742
0.9649451755128579;0.012823304748690478
0.9649451755128579;0.012260940661773537
0.9649451755128579;0.011698576574856581
0.9649451755128579;0.01113621248793964
0.9649451755128579;0.010573848401022698
0.9649451755128579;0.010081779824970369
0.9650769710063459;0.01676081536801044
0.9650581430787049;0.01605772282923551
0.9650769710063459;0.009450082238090185
0.9651899385721929;0.01872991425299235
0.9651711106445517;0.01802682171421742
0.9651711106445517;0.017464457627300464
0.9651899385721929;0.0153557297314907
0.9651711106445517;0.014652637192715756
0.9651711106445517;0.014090273105798815
0.9651711106445517;0.013527909018881873
0.9651711106445517;0.012965544931964917
0.9651711106445517;0.012403180845047976
0.9651711106445517;0.011840816758131034
0.9651711106445517;0.011278452671214093
0.9651711106445517;0.010716088584297151
0.9651711106445517;0.01015372449738021
0.9651899385721929;0.008607360688487373
0.9651711106445517;0.007904268149712429
0.9653029061380398;0.019574284964140376
0.9653029061380398;0.016762464529555654
0.9652840782103987;0.016059371990780724
0.9653029061380398;0.009451731399635399
0.9652840782103987;0.007413024154432721
0.9654158737038868;0.020418655675288402
0.9654158737038868;0.018731563414537564
0.9653970457762456;0.018028470875762634
0.9653970457762456;0.01746610678884568
0.9654158737038868;0.015357378893035914
0.9653970457762456;0.01465428635426097
0.9653970457762456;0.014091922267344029
0.9653970457762456;0.013529558180427087
0.9653970457762456;0.012967194093510132
0.9653970457762456;0.01240483000659319
0.9653970457762456;0.011842465919676248
0.9653970457762456;0.011280101832759307
0.9653970457762456;0.010717737745842365
0.9653970457762456;0.010155373658925423
0.9654158737038868;0.008609009850032587
0.9653970457762456;0.007905917311257643
0.9654158737038868;0.006921917589281762
0.9653405619933222;0.0064995948035789786
0.9655100133420926;0.021262888956307666
0.9655100133420926;0.019575796695556827
0.9654535295591691;0.0167635639705858
0.9654535295591691;0.01620119988366886
0.9655288412697338;0.009453380561180613
0.9655288412697338;0.00607919603967895
0.9655100133420926;0.005376103500904006
0.9656229809079395;0.0218260776239972
0.9656229809079395;0.020701349450163303
0.9656229809079395;0.02013898536324636
0.9656229809079395;0.01901425718941248
0.9656229809079395;0.018451893102495537
0.9656229809079395;0.017889529015578595
0.9656229809079395;0.017397460439526266
0.9655664971250161;0.014514932203690642
0.9655664971250161;0.0139525681167737
0.9656229809079395;0.011422342016033746
0.9656229809079395;0.010859977929116804
0.9656229809079395;0.010297613842199863
0.9656229809079395;0.008610521581449024
0.9656229809079395;0.008048157494532082
0.9656229809079395;0.0074857934076151406
0.9656229809079395;0.006923429320698199
0.9656229809079395;0.004744268483895045
0.9657547764014277;0.022389403721815526
0.9657547764014277;0.021264675547981643
0.9656794646908631;0.019577033566715724
0.9656794646908631;0.016765213132131
0.9656794646908631;0.01620284904521406
0.9656794646908631;0.015781075980026357
0.9656794646908631;0.012547482480253933
0.9656794646908631;0.011985118393336991
0.9657547764014277;0.009736211766184291
0.9657359484737865;0.00910341473827396
0.9657359484737865;0.006361889814553864
0.9657359484737865;0.005799525727636923
0.9657359484737865;0.005237161640719967
0.9658677439672746;0.02323377443296354
0.9658677439672746;0.02042195399837883
0.96579243225671;0.01887490303884215
0.96579243225671;0.010580032756817237
0.9658677439672746;0.008049944086206073
0.9658489160396335;0.007346851547431116
0.9658489160396335;0.006784487460514174
0.9658677439672746;0.00467575956470441
0.9658489160396335;0.004113258047658691
0.9659618836054804;0.022390915453231963
0.9659618836054804;0.021898846877179634
0.9659618836054804;0.02126618727939808
0.965905399822557;0.00889376507683902
0.9659618836054804;0.006082356932640601
0.9659618836054804;0.005519992845723659
0.9660748511713274;0.024078832294755395
0.9660748511713274;0.023516468207838453
0.9660748511713274;0.022954104120921512
0.9660183673884039;0.007769861483777729
0.9660183673884039;0.0072074973968607875
0.9660748511713274;0.006645545600330149
0.9660748511713274;0.0049584533395793245
0.9660748511713274;0.004466384763526995
0.9660748511713274;0.0038337251657454413
0.9660748511713274;0.0032713610788284997
0.9661878187371743;0.024642020962444944
0.9661878187371743;0.02246286012564179
0.9661313349542509;0.021970379259203157
0.9661313349542509;0.006083593803799511
0.9661878187371743;0.005381050985539634
0.9662066466648155;0.0028036863506324117
0.9663196142306625;0.025205347060263256
0.9663196142306625;0.024080618886429372
0.9662443025200977;0.022955340992080422
0.9663196142306625;0.0041166938008778825
0.9663007863030213;0.003413601262102939
0.9663007863030213;0.001726509001352114
0.9662443025200977;0.0014449146675073327
0.9664137538688682;0.0027114707342293654
0.9664137538688682;0.00221940215817705
0.9664137538688682;0.0010243784734785405
0.9665267214347152;0.025909813900325887
0.9665267214347152;0.025347449813408945
0.9664702376517917;0.02492526445783494
0.9664702376517917;0.024362900370917998
0.9665455493623564;0.004399525005881574
0.9665267214347152;0.0036964324671066306
0.9665267214347152;0.003134068380189689
0.9665267214347152;0.0014469761194388503
0.9666396890005621;0.0024319378523161017
0.9666396890005621;0.002010164787128385
0.9666396890005621;0.0008854366132945019
0.9666961727834856;0.026051641793214023
0.9667526565664091;0.00454162775902725
0.9667526565664091;0.003979263672110295
0.9667526565664091;0.003416899585193353
0.9667526565664091;0.0028545354982764115
0.9668091403493325;0.027036603526091288
0.9668656241322561;0.0022227004812674644
0.9668091403493325;0.0010272645061826513
0.966978591698103;0.004262094877113987
0.966978591698103;0.003699730790197045
0.966978591698103;0.0031373667032801034
0.966978591698103;0.0025750026163631617
0.9671480430468734;0.0038415586830851944
0.9671480430468734;0.003279194596168253
0.9671480430468734;0.002857421530980536
0.969595673640224;0.014263160207788422
0.9695768457125828;0.013560067669013479
0.9695768457125828;0.012997703582096523
0.9695768457125828;0.012435339495179581
0.969708641206071;0.01735698726660423
0.9696898132784298;0.01665389472782927
0.9696898132784298;0.01609153064091233
0.9696898132784298;0.015529166553995374
0.9696898132784298;0.014966802467078433
0.969708641206071;0.011733346397434785
0.9696898132784298;0.011030253858659828
0.9696898132784298;0.010467889771742886
0.9696898132784298;0.009905525684825944
0.9696333294955064;0.009623931350981177
0.9698027808442767;0.018763584634540406
0.9698027808442767;0.018201220547623465
0.9698027808442767;0.01426467193920486
0.9698027808442767;0.013702307852287918
0.9698027808442767;0.013139943765370976
0.9698027808442767;0.012577579678454034
0.9698027808442767;0.009203395156952371
0.9698027808442767;0.00864103107003543
0.9698027808442767;0.008078666983118488
0.9699157484101237;0.01988913738914691
0.9699157484101237;0.01932677330222997
0.9699157484101237;0.01763968104147913
0.9699157484101237;0.01707731695456219
0.9699157484101237;0.016514952867645247
0.9699157484101237;0.015952588780728305
0.9699157484101237;0.015390224693811363
0.9699157484101237;0.014827860606894422
0.9699157484101237;0.0120160401723097
0.9699157484101237;0.011453676085392758
0.9699157484101237;0.010891311998475817
0.9699157484101237;0.010328947911558875
0.9699157484101237;0.00976658382464192
0.9699157484101237;0.007517127476974153
0.9699157484101237;0.0069547633900572114
0.9700475439036118;0.021014827573882164
0.9700287159759707;0.02031173503510722
0.9700475439036118;0.018765371226214383
0.9700287159759707;0.018062278687439454
0.9700475439036118;0.014266458530878837
0.9700287159759707;0.013563365992103907
0.9700287159759707;0.013001001905186951
0.9700287159759707;0.01243863781827001
0.9700475439036118;0.009205181748626348
0.9700287159759707;0.008502089209851404
0.9700287159759707;0.007939725122934463
0.9700475439036118;0.00639336131404164
0.9700287159759707;0.005690268775266696
0.9701605114694588;0.02185919828503019
0.9701605114694588;0.01960974193736241
0.9701605114694588;0.017360285589694643
0.9701416835418176;0.0166571930509197
0.9701416835418176;0.016094828964002758
0.9701416835418176;0.015532464877085803
0.9701416835418176;0.014970100790168861
0.9701605114694588;0.0117366447205252
0.9701416835418176;0.011033552181750256
0.9701416835418176;0.010471188094833314
0.9701416835418176;0.009908824007916373
0.9701605114694588;0.007237732025189653
0.9701416835418176;0.005199024779986974
0.9702546511076646;0.02270343156604944
0.9702546511076646;0.021016339305298615
0.9702546511076646;0.020453975218381673
0.9702546511076646;0.018766882957630834
0.9702546511076646;0.018204518870713893
0.9702546511076646;0.014267970262295288
0.9702546511076646;0.013705606175378346
0.9702546511076646;0.013143242088461404
0.9702546511076646;0.012580878001544463
0.9702546511076646;0.009206693480042799
0.9702546511076646;0.008644329393125857
0.9702546511076646;0.008081965306208916
0.9702546511076646;0.006394873045458091
0.9702546511076646;0.005832508958541149
0.9702546511076646;0.004707780784707252
0.9702546511076646;0.004215712208654937
0.9703864466011527;0.02326675766386775
0.9703864466011527;0.022142029490033868
0.9703676186735115;0.021438936951258925
0.9703864466011527;0.019892573142366102
0.9703676186735115;0.019189480603591158
0.9703864466011527;0.01764311679469832
0.9703676186735115;0.016940024255923378
0.9703676186735115;0.016377660169006436
0.9703676186735115;0.015815296082089494
0.9703676186735115;0.015252931995172553
0.9703676186735115;0.014690567908255611
0.9703864466011527;0.012019475925528891
0.9703676186735115;0.011316383386753948
0.9703676186735115;0.010754019299837006
0.9703676186735115;0.010191655212920064
0.9703676186735115;0.009629291126003123
0.9703864466011527;0.0075205632301933445
0.9703676186735115;0.006817470691418401
0.9703864466011527;0.005271106882525564
0.9703676186735115;0.0037947637242398274
0.9704805862393585;0.024110990944887015
0.9704805862393585;0.02073680642338535
0.9704805862393585;0.018487350075717585
0.9704805862393585;0.013988437380382038
0.9704805862393585;0.013426073293465096
0.9704805862393585;0.012863709206548155
0.9704805862393585;0.00892716059812955
0.9704805862393585;0.008364796511212608
0.9704805862393585;0.006115340163544827
0.9704805862393585;0.0044282479027940025
0.9704805862393585;0.0033035197289601193
0.9705935538052054;0.02467417961257655
0.9705935538052054;0.023549451438742666
0.9705935538052054;0.022987087351825725
0.9705935538052054;0.022424723264908783
0.9705935538052054;0.02186235917799184
0.9705935538052054;0.0212999950910749
0.9705935538052054;0.020175266917241003
0.9705935538052054;0.01961290283032406
0.9705935538052054;0.01905053874340712
0.9705935538052054;0.017925810569573236
0.9705935538052054;0.017363446482656295
0.9705935538052054;0.01680108239573934
0.9705935538052054;0.016238718308822397
0.9705935538052054;0.015676354221905456
0.9705935538052054;0.015113990134988514
0.9705935538052054;0.014551626048071573
0.9705935538052054;0.012302169700403806
0.9705935538052054;0.01173980561348685
0.9705935538052054;0.011177441526569909
0.9705935538052054;0.010615077439652967
0.9705935538052054;0.010052713352736026
0.9705935538052054;0.009490349265819084
0.9705935538052054;0.007803257005068245
0.9705935538052054;0.007240892918151304
0.9705935538052054;0.006678528831234362
0.9705935538052054;0.005553800657400479
0.9705935538052054;0.004991436570483537
0.9705935538052054;0.003866708396649654
0.9705935538052054;0.002741980222815757
0.9707065213710524;0.025237368280266098
0.9707065213710524;0.024112640106432215
0.9707065213710524;0.02073845558493055
0.9707065213710524;0.018488999237262785
0.9707065213710524;0.013990086541927238
0.9707065213710524;0.013427722455010296
0.9707065213710524;0.012865358368093355
0.9707065213710524;0.00892880975967475
0.9707065213710524;0.008366445672757808
0.9707065213710524;0.006116989325090028
0.9707065213710524;0.004429897064339203
0.9707065213710524;0.0033051688905053195
0.9707065213710524;0.0021804407166714224
0.9708194889368994;0.025800556947955647
0.9708194889368994;0.024675828774121764
0.9708194889368994;0.02355110060028788
0.9708194889368994;0.02298873651337094
0.9708194889368994;0.022426372426453997
0.9708194889368994;0.021864008339537055
0.9708194889368994;0.021301644252620114
0.9708194889368994;0.020176916078786217
0.9708194889368994;0.019614551991869275
0.9708194889368994;0.019052187904952333
0.9708194889368994;0.01792745973111845
0.9708194889368994;0.01736509564420151
0.9708194889368994;0.016802731557284553
0.9708194889368994;0.01624036747036761
0.9708194889368994;0.01567800338345067
0.9708194889368994;0.015115639296533728
0.9708194889368994;0.014553275209616787
0.9708194889368994;0.01230381886194902
0.9708194889368994;0.011741454775032065
0.9708194889368994;0.011179090688115123
0.9708194889368994;0.010616726601198181
0.9708194889368994;0.01005436251428124
0.9708194889368994;0.009491998427364298
0.9708194889368994;0.0078049061666134595
0.9708194889368994;0.007242542079696518
0.9708194889368994;0.006680177992779576
0.9708194889368994;0.005555449818945693
0.9708194889368994;0.004993085732028751
0.9708194889368994;0.003868357558194868
0.9708194889368994;0.002743629384360971
0.9708194889368994;0.0016891967213917142
0.9709512844303875;0.026363883045773973
0.9709512844303875;0.025239154871940075
0.9709512844303875;0.024114426698106192
0.9709512844303875;0.02074024217660453
0.9709512844303875;0.018490785828936762
0.9709512844303875;0.013991873133601215
0.9709324565027463;0.013288780594826272
0.9709324565027463;0.01272641650790933
0.9709512844303875;0.008930596351348727
0.9709324565027463;0.008227503812573783
0.9709512844303875;0.006118775916764005
0.9709512844303875;0.00443168365601318
0.9709512844303875;0.003306955482179297
0.9709512844303875;0.0021822273083453997
0.9710454240685933;0.023271567718374617
0.9710454240685933;0.022709203631457675
0.9710454240685933;0.022146839544540733
0.9710454240685933;0.021584475457623792
0.9710454240685933;0.019897383196872967
0.9710454240685933;0.019335019109956025
0.9710454240685933;0.017647926849205187
0.9710454240685933;0.017085562762288245
0.9710454240685933;0.016523198675371303
0.9710454240685933;0.015960834588454362
0.9710454240685933;0.01539847050153742
0.9710454240685933;0.014836106414620479
0.9710454240685933;0.012024285980035757
0.9710454240685933;0.011461921893118815
0.9710454240685933;0.010899557806201873
0.9710454240685933;0.010337193719284932
0.9710454240685933;0.009774829632367976
0.9710454240685933;0.00752537328470021
0.9710454240685933;0.006963009197783268
0.9710454240685933;0.005275916937032429
0.9710454240685933;0.001339368328613838
0.9710454240685933;0.0009175952634261214
0.9711583916344402;0.02720894090756583
0.9711583916344402;0.026646576820648887
0.9711583916344402;0.026084212733731946
0.9711583916344402;0.025521848646815004
0.9711583916344402;0.024959484559898062
0.9711583916344402;0.02439712047298112
0.9711583916344402;0.02383475638606418
0.9711583916344402;0.021022935951479457
0.9711583916344402;0.020460571864562516
0.9711583916344402;0.018773479603811677
0.9711583916344402;0.018211115516894735
0.9711583916344402;0.01427456690847613
0.9711583916344402;0.013712202821559188
0.9711583916344402;0.013149838734642247
0.9711583916344402;0.012587474647725305
0.9711583916344402;0.009213290126223642
0.9711583916344402;0.0086509260393067
0.9711583916344402;0.008088561952389758
0.9711583916344402;0.0064014696916389335
0.9711583916344402;0.005839105604721992
0.9711583916344402;0.004714377430888095
0.9711583916344402;0.004152013343971153
0.9711583916344402;0.0035896492570542116
0.9711583916344402;0.00302728517013727
0.9711583916344402;0.0024649210832203283
0.9711583916344402;0.0019025569963033867
0.9712901871279284;0.02777226700538414
0.9712901871279284;0.023273354310048594
0.9712713592002872;0.022570261771273664
0.9712713592002872;0.02200789768435671
0.9712713592002872;0.021445533597439767
0.9712901871279284;0.019899169788546944
0.9712713592002872;0.019196077249772
0.9712901871279284;0.017649713440879164
0.9712713592002872;0.01694662090210422
0.9712713592002872;0.01638425681518728
0.9712713592002872;0.015821892728270337
0.9712713592002872;0.015259528641353395
0.9712713592002872;0.014697164554436454
0.9712901871279284;0.012026072571709734
0.9712713592002872;0.01132298003293479
0.9712713592002872;0.010760615946017849
0.9712713592002872;0.010198251859100907
0.9712713592002872;0.009635887772183965
0.9712901871279284;0.007527159876374187
0.9712713592002872;0.006824067337599243
0.9712901871279284;0.005277703528706407
0.9712901871279284;0.0013411549202878154
0.9712713592002872;0.0007083578923774841
0.9714031546937753;0.026929545455781342
0.9713843267661341;0.0262264529170064
0.9713843267661341;0.025664088830089457
0.9713843267661341;0.025101724743172515
0.9713843267661341;0.02453936065625556
0.9713843267661341;0.02397699656933862
0.9714031546937753;0.020743540499694957
0.9714031546937753;0.01849408415202719
0.9714031546937753;0.013995171456691644
0.9713843267661341;0.0132920789179167
0.9713843267661341;0.012729714830999758
0.9714031546937753;0.008933894674439155
0.9713843267661341;0.008230802135664211
0.9714031546937753;0.006122074239854433
0.9714031546937753;0.004434981979103608
0.9713843267661341;0.0037318894403286645
0.9713843267661341;0.003169525353411723
0.9713843267661341;0.0026071612664947813
0.9713843267661341;0.002044797179577826
0.9714972943319811;0.028336142823717547
0.9714972943319811;0.02777377873680059
0.9714972943319811;0.023274866041465045
0.9714972943319811;0.022712501954548103
0.9714972943319811;0.02215013786763116
0.9714972943319811;0.02158777378071422
0.9714972943319811;0.019900681519963395
0.9714972943319811;0.019338317433046454
0.9714972943319811;0.017651225172295615
0.9714972943319811;0.017088861085378673
0.9714972943319811;0.01652649699846173
0.9714972943319811;0.01596413291154479
0.9714972943319811;0.015401768824627848
0.9714972943319811;0.014839404737710907
0.9714972943319811;0.012027584303126185
0.9714972943319811;0.011465220216209243
0.9714972943319811;0.010902856129292302
0.9714972943319811;0.01034049204237536
0.9714972943319811;0.009778127955458404
0.9714972943319811;0.007528671607790638
0.9714972943319811;0.006966307520873696
0.9714972943319811;0.005279215260122858
0.9714972943319811;0.0013426666517042662
0.9714972943319811;0.0007803025647873107
0.9716102618978281;0.028899331491407082
0.9716102618978281;0.027212239230656243
0.9716102618978281;0.0266498751437393
0.9716102618978281;0.02608751105682236
0.9716102618978281;0.02552514696990542
0.9716102618978281;0.024962782882988477
0.9716102618978281;0.024400418796071535
0.9716102618978281;0.023838054709154594
0.9716102618978281;0.02102623427456987
0.9716102618978281;0.02046387018765293
0.9716102618978281;0.01877677792690209
0.9716102618978281;0.01821441383998515
0.9716102618978281;0.014277865231566544
0.9716102618978281;0.013715501144649603
0.9716102618978281;0.013153137057732661
0.9716102618978281;0.01259077297081572
0.9716102618978281;0.009216588449314056
0.9716102618978281;0.008654224362397114
0.9716102618978281;0.008091860275480173
0.9716102618978281;0.006404768014729348
0.9716102618978281;0.005842403927812406
0.9716102618978281;0.004717675753978509
0.9716102618978281;0.0041553116670615675
0.9716102618978281;0.003592947580144626
0.9716102618978281;0.0030305834932276843
0.9716102618978281;0.0024682194063107427
0.9716102618978281;0.001905855319393801
0.971723229463675;0.028337791985262747
0.971723229463675;0.027775427898345792
0.971723229463675;0.023276515203010245
0.971723229463675;0.022714151116093304
0.971723229463675;0.022151787029176362
0.971723229463675;0.02158942294225942
0.971723229463675;0.019902330681508595
0.971723229463675;0.019339966594591654
0.971723229463675;0.017652874333840815
0.971723229463675;0.017090510246923873
0.971723229463675;0.016528146160006932
0.971723229463675;0.01596578207308999
0.971723229463675;0.015403417986173049
0.971723229463675;0.014841053899256107
0.971723229463675;0.012029233464671385
0.971723229463675;0.011466869377754443
0.971723229463675;0.010904505290837502
0.971723229463675;0.01034214120392056
0.971723229463675;0.009779777117003605
0.971723229463675;0.007530320769335838
0.971723229463675;0.0069679566824188965
0.971723229463675;0.005280864421668058
0.971723229463675;0.0013443158132494665
0.971723229463675;0.000781951726332511
0.971836197029522;0.028760389631223057
0.9718550249571631;0.027214025822330234
0.971836197029522;0.026510933283555277
0.971836197029522;0.025948569196638335
0.971836197029522;0.025386205109721394
0.971836197029522;0.024823841022804452
0.971836197029522;0.02426147693588751
0.971836197029522;0.02369911284897057
0.9718550249571631;0.021028020866243863
0.971836197029522;0.020324928327468905
0.9718550249571631;0.018778564518576082
0.971836197029522;0.01807547197980114
0.9718550249571631;0.014279651823240536
0.971836197029522;0.013576559284465592
0.971836197029522;0.013014195197548636
0.971836197029522;0.012451831110631695
0.9718550249571631;0.009218375040988047
0.971836197029522;0.00851528250221309
0.971836197029522;0.007952918415296148
0.9718550249571631;0.006406554606403339
0.971836197029522;0.0057034620676283815
0.9718550249571631;0.0047194623456525
0.971836197029522;0.004016369806877543
0.971836197029522;0.003454005719960601
0.971836197029522;0.0028916416330436595
0.971836197029522;0.002329277546126718
0.971836197029522;0.0017669134592097763
0.9719491645953688;0.028058259103349484
0.9719491645953688;0.022996982321096995
0.9719491645953688;0.022434618234180054
0.9719491645953688;0.021872254147263112
0.9719491645953688;0.019622797799595332
0.9719491645953688;0.017373341451927565
0.9719491645953688;0.01681097736501061
0.9719491645953688;0.016248613278093668
0.9719491645953688;0.015686249191176727
0.9719491645953688;0.015123885104259785
0.9719491645953688;0.011749700582758121
0.9719491645953688;0.01118733649584118
0.9719491645953688;0.010624972408924238
0.9719491645953688;0.010062608322007296
0.9719491645953688;0.0072507878874225745
0.9719491645953688;0.0010647829313362028
0.9719491645953688;0.0006430098661485001
0.9720621321612158;0.028480856749309794
0.972080960088857;0.027496857027333912
0.9720621321612158;0.02679376448855897
0.9720621321612158;0.026231400401642027
0.9720621321612158;0.025669036314725086
0.9720621321612158;0.025106672227808144
0.9720621321612158;0.02454430814089119
0.9720621321612158;0.023981944053974247
0.9720621321612158;0.023419579967057305
0.972080960088857;0.02131085207124754
0.9720621321612158;0.020607759532472597
0.9720621321612158;0.02004539544555564
0.972080960088857;0.01906139572357976
0.9720621321612158;0.018358303184804817
0.9720621321612158;0.017795939097887875
0.972080960088857;0.014562483028244214
0.9720621321612158;0.01385939048946927
0.9720621321612158;0.013297026402552328
0.9720621321612158;0.012734662315635387
0.9720621321612158;0.012172298228718445
0.972080960088857;0.009501206245991725
0.9720621321612158;0.008798113707216781
0.9720621321612158;0.00823574962029984
0.9720621321612158;0.007673385533382898
0.972080960088857;0.006689385811407003
0.9720621321612158;0.0059862932726320595
0.9720621321612158;0.005423929185715118
0.9720621321612158;0.004861565098798176
0.9720621321612158;0.004299201011881235
0.9720621321612158;0.003736836924964293
0.9720621321612158;0.0031744728380473514
0.9720621321612158;0.0026121087511304097
0.9720621321612158;0.0020497446642134542
0.9720621321612158;0.0014873805772965126
0.9721939276547039;0.022717586869312495
0.9721750997270627;0.02201449433053755
0.9721939276547039;0.017093946000143065
0.9721750997270627;0.01639085346136812
0.9721750997270627;0.01582848937445118
0.9721750997270627;0.015266125287534238
0.9721939276547039;0.011470305130973635
0.9721750997270627;0.010767212592198691
0.9721750997270627;0.01020484850528175
0.9721939276547039;0.0007853874795517024
0.9722880672929097;0.027920141823938066
0.9722880672929097;0.027357777737021124
0.9722880672929097;0.026795413650104183
0.9722880672929097;0.02623304956318724
0.9722880672929097;0.0256706854762703
0.9722880672929097;0.025108321389353358
0.9722880672929097;0.024545957302436403
0.9722880672929097;0.02398359321551946
0.9722880672929097;0.02342122912860252
0.9723068952205509;0.021312501232792755
0.9722880672929097;0.02060940869401781
0.9722880672929097;0.020047044607100856
0.9722880672929097;0.019484680520183914
0.9722880672929097;0.018922316433266972
0.9722880672929097;0.01835995234635003
0.9722880672929097;0.01779758825943309
0.9723068952205509;0.014564132189789428
0.9722880672929097;0.013861039651014484
0.9722880672929097;0.013298675564097542
0.9722880672929097;0.0127363114771806
0.9722880672929097;0.012173947390263659
0.9723068952205509;0.00950285540753694
0.9722880672929097;0.008799762868761996
0.9722880672929097;0.008237398781845054
0.9722880672929097;0.007675034694928112
0.9722880672929097;0.007112670608011171
0.9722880672929097;0.006550306521094215
0.9722880672929097;0.0059879424341772736
0.9722880672929097;0.005425578347260332
0.9722880672929097;0.00486321426034339
0.9722880672929097;0.004300850173426449
0.9722880672929097;0.003738486086509507
0.9722880672929097;0.0031761219995925655
0.9722880672929097;0.002613757912675624
0.9722880672929097;0.0020513938257586684
0.9722880672929097;0.0014890297388417267
0.9724010348587567;0.022719098600728946
0.9724010348587567;0.022156734513812004
0.9724010348587567;0.017095457731559516
0.9724010348587567;0.016533093644642574
0.9724010348587567;0.015970729557725633
0.9724010348587567;0.015408365470808691
0.9724010348587567;0.011471816862390086
0.9724010348587567;0.010909452775473144
0.9724010348587567;0.010347088688556202
0.9724010348587567;0.0007868992109681533
0.9724010348587567;0.00036512614578045055
0.9725140024246036;0.0272188358768371
0.9725140024246036;0.026656471789920158
0.9725140024246036;0.026094107703003216
0.9725140024246036;0.025531743616086275
0.9725140024246036;0.024969379529169333
0.9725140024246036;0.02440701544225239
0.9725140024246036;0.02384465135533545
0.9725140024246036;0.023282287268418494
0.9725140024246036;0.02159519500766767
0.9725140024246036;0.021032830920750728
0.9725140024246036;0.020470466833833786
0.9725140024246036;0.019908102746916845
0.9725140024246036;0.019345738659999903
0.9725140024246036;0.018783374573082948
0.9725140024246036;0.018221010486166006
0.9725140024246036;0.017658646399249064
0.9725140024246036;0.014846825964664356
0.9725140024246036;0.0142844618777474
0.9725140024246036;0.01372209779083046
0.9725140024246036;0.013159733703913518
0.9725140024246036;0.012597369616996576
0.9725140024246036;0.012035005530079634
0.9725140024246036;0.009785549182411854
0.9725140024246036;0.009223185095494912
0.9725140024246036;0.00866082100857797
0.9725140024246036;0.00809845692166103
0.9725140024246036;0.0075360928347440875
0.9725140024246036;0.006973728747827146
0.9725140024246036;0.006411364660910204
0.9725140024246036;0.005849000573993263
0.9725140024246036;0.005286636487076307
0.9725140024246036;0.0047242724001593656
0.9725140024246036;0.004161908313242424
0.9725140024246036;0.0035995442263254823
0.9725140024246036;0.0030371801394085407
0.9725140024246036;0.002474816052491599
0.9725140024246036;0.0019124519655746575
0.9725140024246036;0.0013500878786577158
0.9726457979180918;0.022720885192402923
0.9726269699904506;0.022017792653627966
0.9726457979180918;0.017097244323233493
0.9726269699904506;0.016394151784458535
0.9726269699904506;0.015831787697541594
0.9726269699904506;0.015269423610624652
0.9726457979180918;0.011473603454064063
0.9726269699904506;0.010770510915289105
0.9726269699904506;0.010208146828372164
0.9726457979180918;0.0008355494765518862
0.9725704862075271;0.00036636301693934725
0.9727399375562975;0.026798711973194597
0.9727399375562975;0.026236347886277656
0.9727399375562975;0.025673983799360714
0.9727399375562975;0.025111619712443772
0.9727399375562975;0.024549255625526817
0.9727399375562975;0.023986891538609875
0.9727399375562975;0.023424527451692934
0.9727587654839387;0.021315799555883183
0.9727399375562975;0.020612707017108226
0.9727399375562975;0.02005034293019127
0.9727399375562975;0.01948797884327433
0.9727399375562975;0.018925614756357387
0.9727399375562975;0.018363250669440445
0.9727399375562975;0.017800886582523504
0.9727587654839387;0.014567430512879856
0.9727399375562975;0.013864337974104898
0.9727399375562975;0.013301973887187957
0.9727399375562975;0.012739609800271015
0.9727399375562975;0.012177245713354073
0.9727587654839387;0.009506153730627367
0.9727399375562975;0.00880306119185241
0.9727399375562975;0.008240697104935468
0.9727399375562975;0.007678333018018527
0.9727399375562975;0.007115968931101585
0.9727399375562975;0.0065536048441846295
0.9727399375562975;0.005991240757267688
0.9727399375562975;0.005428876670350746
0.9727399375562975;0.004866512583433805
0.9727399375562975;0.004304148496516863
0.9727399375562975;0.0037417844095999214
0.9727399375562975;0.00317942032268298
0.9727399375562975;0.002617056235766038
0.9727399375562975;0.0020546921488490827
0.9727399375562975;0.001492328061932141
0.9728717330497857;0.022722534353948123
0.9728529051221445;0.02201944181517318
0.9728717330497857;0.017098893484778693
0.9728529051221445;0.01639580094600375
0.9728529051221445;0.015833436859086808
0.9728529051221445;0.015271072772169866
0.9728717330497857;0.011475252615609263
0.9728529051221445;0.01077216007683432
0.9728529051221445;0.010209795989917378
0.9728529051221445;0.0010713795775170454
0.9729658726879914;0.02637858806955211
0.9729658726879914;0.025816223982635153
0.9729658726879914;0.02525385989571821
0.9729658726879914;0.02469149580880127
0.9729658726879914;0.024129131721884328
0.9729658726879914;0.023566767634967387
0.9729658726879914;0.02131731128729962
0.9729658726879914;0.020754947200382665
0.9729658726879914;0.020192583113465723
0.9729658726879914;0.01963021902654878
0.9729658726879914;0.01906785493963184
0.9729658726879914;0.018505490852714898
0.9729658726879914;0.017943126765797957
0.9729658726879914;0.014568942244296293
0.9729658726879914;0.014006578157379351
0.9729658726879914;0.01344421407046241
0.9729658726879914;0.012881849983545468
0.9729658726879914;0.012319485896628526
0.9729658726879914;0.009507665462043804
0.9729658726879914;0.008945301375126863
0.9729658726879914;0.008382937288209921
0.9729658726879914;0.007820573201292966
0.9729658726879914;0.007258209114376024
0.9729658726879914;0.0066958450274590825
0.9729658726879914;0.006133480940542141
0.9729658726879914;0.005571116853625199
0.9729658726879914;0.005008752766708258
0.9729658726879914;0.004446388679791316
0.9729658726879914;0.0038840245928743744
0.9729658726879914;0.003321660505957433
0.9729658726879914;0.0027592964190404773
0.9729658726879914;0.0021969323321235357
0.9729658726879914;0.001634568245206594
0.9730976681814796;0.023005365558951815
0.9730788402538384;0.02230227302017687
0.9730788402538384;0.02173990893325993
0.9730976681814796;0.017381724689782385
0.9730788402538384;0.01667863215100744
0.9730788402538384;0.0161162680640905
0.9730788402538384;0.015553903977173544
0.9730788402538384;0.014991539890256603
0.9730976681814796;0.011758083820612941
0.9730788402538384;0.011054991281837998
0.9730788402538384;0.010492627194921056
0.9730788402538384;0.009930263108004114
0.9732106357473265;0.025536828530850667
0.9731918078196854;0.024833735992075723
0.9731918078196854;0.02427137190515878
0.9731918078196854;0.02370900781824184
0.9732106357473265;0.02103791583551512
0.9731918078196854;0.020334823296740176
0.9731918078196854;0.019772459209823234
0.9731918078196854;0.019210095122906293
0.9731918078196854;0.01864773103598935
0.9731918078196854;0.01808536694907241
0.9732106357473265;0.014289546792511792
0.9731918078196854;0.013586454253736863
0.9731918078196854;0.013024090166819907
0.9731918078196854;0.012461726079902966
0.9732106357473265;0.009228270010259304
0.9731918078196854;0.00852517747148436
0.9731918078196854;0.007962813384567419
0.9731918078196854;0.007400449297650477
0.9731918078196854;0.0068380852107335355
0.9731918078196854;0.006275721123816594
0.9731918078196854;0.005713357036899652
0.9731918078196854;0.005150992949982711
0.9731918078196854;0.004588628863065769
0.9731918078196854;0.0040262647761488135
0.9731918078196854;0.003463900689231872
0.9731918078196854;0.0029015366023149303
0.9731918078196854;0.0023391725153979886
0.9731353240367618;0.0019169871598239824
0.9733047753855323;0.023006877290368266
0.9733047753855323;0.022444513203451325
0.9733047753855323;0.021882149116534383
0.9733047753855323;0.017383236421198836
0.9733047753855323;0.01682087233428188
0.9733047753855323;0.01625850824736494
0.9733047753855323;0.015696144160447997
0.9733047753855323;0.015133780073531056
0.9733047753855323;0.011759595552029392
0.9733047753855323;0.01119723146511245
0.9733047753855323;0.010634867378195509
0.9733047753855323;0.010072503291278567
0.9733612591684557;0.025256745928422336
0.9734177429513793;0.024694794131891698
0.9734177429513793;0.024132430044974756
0.9734177429513793;0.023570065958057815
0.9734177429513793;0.02132060961039005
0.9734177429513793;0.020758245523473093
0.9734177429513793;0.02019588143655615
0.9734177429513793;0.01963351734963921
0.9734177429513793;0.019071153262722268
0.9734177429513793;0.018508789175805326
0.9734177429513793;0.017946425088888385
0.9734177429513793;0.014572240567386721
0.9734177429513793;0.01400987648046978
0.9734177429513793;0.013447512393552838
0.9734177429513793;0.012885148306635896
0.9734177429513793;0.012322784219718955
0.9734177429513793;0.009510963785134233
0.9734177429513793;0.008948599698217291
0.9734177429513793;0.00838623561130035
0.9734177429513793;0.007823871524383394
0.9734177429513793;0.007261507437466452
0.9734177429513793;0.006699143350549511
0.9734177429513793;0.006136779263632569
0.9734177429513793;0.0055744151767156275
0.9734177429513793;0.005012051089798686
0.9734177429513793;0.004449687002881744
0.9734177429513793;0.0038873229159648026
0.9734177429513793;0.003324958829047861
0.9733612591684557;0.002762182451744602
0.9735307105172262;0.02300852645191348
0.9735307105172262;0.02244616236499654
0.9735307105172262;0.021883798278079597
0.9735307105172262;0.01738488558274405
0.9735307105172262;0.016822521495827095
0.9735307105172262;0.016260157408910153
0.9735307105172262;0.01569779332199321
0.9735307105172262;0.01513542923507627
0.9735307105172262;0.011761244713574606
0.9735307105172262;0.011198880626657665
0.9735307105172262;0.010636516539740723
0.9735307105172262;0.010074152452823781
0.9736436780830732;0.023993488184790718
0.9736436780830732;0.023431124097873776
0.9736625060107144;0.021322396202064026
0.9736436780830732;0.020619303663289068
0.9736436780830732;0.020056939576372113
0.9736436780830732;0.01949457548945517
0.9736436780830732;0.01893221140253823
0.9736436780830732;0.018369847315621288
0.9736436780830732;0.017807483228704346
0.9736625060107144;0.014574027159060698
0.9736436780830732;0.013870934620285741
0.9736436780830732;0.0133085705333688
0.9736436780830732;0.012746206446451858
0.9736436780830732;0.012183842359534916
0.9736625060107144;0.00951275037680821
0.9736436780830732;0.008809657838033252
0.9736436780830732;0.00824729375111631
0.9736436780830732;0.007684929664199369
0.9736436780830732;0.0071225655772824276
0.9736436780830732;0.006560201490365472
0.9736436780830732;0.0059978374034485304
0.9736436780830732;0.005435473316531589
0.9736436780830732;0.004873109229614647
0.9736436780830732;0.004310745142697706
0.9735871943001497;0.0038885597871236993
0.9737754735765612;0.02272913100012898
0.9737566456489201;0.022026038461354022
0.9737754735765612;0.01710549013095955
0.9737566456489201;0.016402397592184592
0.9737566456489201;0.01584003350526765
0.9737566456489201;0.015277669418350709
0.9737754735765612;0.01148184926179012
0.9737566456489201;0.010778756723015162
0.9737566456489201;0.01021639263609822
0.9738131294318436;0.023572951990761926
0.9738696132147671;0.021323907933480463
0.9738696132147671;0.020761543846563507
0.9738696132147671;0.020199179759646566
0.9738696132147671;0.019636815672729624
0.9738696132147671;0.019074451585812682
0.9738696132147671;0.01851208749889574
0.9738696132147671;0.0179497234119788
0.9738696132147671;0.014575538890477135
0.9738696132147671;0.014013174803560194
0.9738696132147671;0.013450810716643252
0.9738696132147671;0.01288844662972631
0.9738696132147671;0.012326082542809369
0.9738696132147671;0.009514262108224647
0.9738696132147671;0.008951898021307705
0.9738696132147671;0.008389533934390764
0.9738696132147671;0.007827169847473808
0.9738696132147671;0.007264805760556867
0.9738696132147671;0.006702441673639925
0.9738696132147671;0.006140077586722983
0.9738696132147671;0.005648009010670654
0.9738131294318436;0.005014937122502797
0.9739825807806141;0.022871233753274656
0.9739825807806141;0.022308869666357714
0.9739825807806141;0.021746505579440772
0.9740014087082551;0.017388321335963228
0.9739825807806141;0.016685228797188284
0.9739825807806141;0.016122864710271342
0.9739825807806141;0.015560500623354387
0.9739825807806141;0.014998136536437445
0.9740014087082551;0.011764680466793784
0.9739825807806141;0.01106158792801884
0.9739825807806141;0.010499223841101898
0.9739825807806141;0.009936859754184957
0.9741143762741021;0.021044512481695962
0.974095548346461;0.02034141994292102
0.974095548346461;0.019779055856004077
0.974095548346461;0.019216691769087135
0.974095548346461;0.018654327682170194
0.974095548346461;0.018091963595253252
0.9741143762741021;0.014296143438692635
0.974095548346461;0.013593050899917705
0.974095548346461;0.01303068681300075
0.974095548346461;0.012468322726083808
0.9741143762741021;0.009234866656440147
0.974095548346461;0.008531774117665203
0.974095548346461;0.007969410030748261
0.974095548346461;0.00740704594383132
0.974095548346461;0.0069149773677789905
0.9740390645635375;0.006422496501340372
0.9740390645635375;0.00586013241442343
0.9741520321293844;0.022450697559245864
0.974208515912308;0.021888745762715225
0.974208515912308;0.01738983306737968
0.974208515912308;0.016827468980462723
0.974208515912308;0.01626510489354578
0.974208515912308;0.01570274080662884
0.974208515912308;0.015140376719711898
0.974208515912308;0.011766192198210235
0.974208515912308;0.011203828111293293
0.974208515912308;0.010641464024376351
0.974208515912308;0.01007909993745941
0.974340311405796;0.021327343686699654
0.9743214834781548;0.02062425114792471
0.9743214834781548;0.020061887061007755
0.9743214834781548;0.019499522974090813
0.9743214834781548;0.01893715888717387
0.9743214834781548;0.01837479480025693
0.9743214834781548;0.01781243071333999
0.974340311405796;0.014578974643696327
0.9743214834781548;0.013875882104921383
0.9743214834781548;0.013313518018004442
0.9743214834781548;0.0127511539310875
0.9743214834781548;0.012188789844170558
0.974340311405796;0.009517697861443838
0.9743214834781548;0.008814605322668895
0.9742649996952314;0.008392419967094888
0.9742649996952314;0.007830055880177933
0.974453278971643;0.017110437615595178
0.9744344510440018;0.016407345076820234
0.9744344510440018;0.015844980989903293
0.9744344510440018;0.015282616902986351
0.974453278971643;0.011486796746425748
0.9744344510440018;0.010783704207650804
0.9744344510440018;0.010221340120733863
0.9744909348269253;0.020766079040812846
0.9745474186098487;0.020063536222552955
0.9745474186098487;0.019501172135636013
0.9745474186098487;0.018938808048719072
0.9745474186098487;0.01837644396180213
0.9745474186098487;0.01781407987488519
0.9745662465374899;0.014580623805241541
0.9745474186098487;0.013877531266466583
0.9745474186098487;0.013315167179549642
0.9745474186098487;0.0127528030926327
0.9745474186098487;0.012190439005715759
0.9744909348269253;0.009378206280744747
0.9746792141033369;0.017112086777140392
0.9746603861756957;0.016408994238365435
0.9746603861756957;0.015846630151448493
0.9746603861756957;0.015284266064531551
0.9746603861756957;0.011628899499571424
0.9746039023927723;0.01092553210053894
0.9746039023927723;0.010363168013621998
0.9746039023927723;0.009941394948434282
0.9747168699586192;0.019643000028524163
0.9747733537415427;0.018940457210264286
0.9747733537415427;0.018378093123347344
0.9747733537415427;0.017815729036430403
0.9747921816691838;0.014582272966786755
0.9747733537415427;0.013879180428011798
0.9747733537415427;0.013316816341094856
0.9747168699586192;0.01289463098552085
0.9747168699586192;0.012332266898603908
0.9748298375244662;0.017113186218170526
0.9748863213073896;0.01641064339991065
0.9748863213073896;0.015848279312993707
0.9748298375244662;0.015426093957419701
0.9663049853372434;0.0024547809148703914
0.9661876832844575;0.0023079392940471427
0.9659530791788856;0.003328124665539306
0.9662066466648155;0.017331425262653452
0.9661878187371743;0.01662833272387851
0.9661878187371743;0.016065968636961567
0.9661878187371743;0.015503604550044611
0.9661878187371743;0.01494124046312767
0.9661878187371743;0.014378876376210728
0.9661878187371743;0.013816512289293786
0.9661878187371743;0.013254148202376845
0.9661878187371743;0.012691784115459903
0.9661878187371743;0.012129420028542962
0.9661878187371743;0.01156705594162602
0.9663007863030213;0.018738022630589643
0.9663007863030213;0.0181756585436727
0.9663007863030213;0.010864925413752446
0.9663007863030213;0.010302561326835505
0.9663007863030213;0.009810492750783176
0.9664137538688682;0.019863575385196147
0.9664137538688682;0.019301211298279206
0.9664137538688682;0.017614119037528367
0.9664137538688682;0.017051754950611425
0.9664137538688682;0.016489390863694484
0.9664137538688682;0.015927026776777542
0.9664137538688682;0.0153646626898606
0.9664137538688682;0.014802298602943659
0.9664137538688682;0.014239934516026703
0.9664137538688682;0.013677570429109762
0.9664137538688682;0.01311520634219282
0.9664137538688682;0.012552842255275878
0.9664137538688682;0.011990478168358937
0.9664137538688682;0.011428114081441995
0.9664137538688682;0.009178657733774215
0.9664137538688682;0.0086865891577219
0.9665455493623564;0.0209892655699314
0.9665267214347152;0.020286173031156457
0.9665455493623564;0.01873980922226362
0.9665267214347152;0.01803671668348869
0.9665455493623564;0.010866712005426424
0.9665267214347152;0.01016361946665148
0.9665267214347152;0.009601255379734538
0.9665455493623564;0.008054891570841702
0.9665267214347152;0.007351799032066758
0.9666585169282033;0.021833636281079427
0.9666585169282033;0.019584179933411647
0.9666585169282033;0.01733472358574388
0.9666396890005621;0.016631631046968923
0.9666396890005621;0.01606926696005198
0.9666396890005621;0.015506902873135026
0.9666396890005621;0.014944538786218084
0.9666396890005621;0.014382174699301142
0.9666396890005621;0.0138198106123842
0.9666396890005621;0.013257446525467259
0.9666396890005621;0.012695082438550317
0.9666396890005621;0.012132718351633376
0.9666396890005621;0.011570354264716434
0.9666585169282033;0.008899262281989728
0.9666585169282033;0.006649805934321948
0.9667526565664091;0.022677869562098663
0.9667526565664091;0.020990777301347838
0.9667526565664091;0.020428413214430896
0.9667526565664091;0.018741320953680057
0.9667526565664091;0.018178956866763116
0.9667526565664091;0.01086822373684286
0.9667526565664091;0.01030585964992592
0.9667526565664091;0.009743495563008964
0.9667526565664091;0.008056403302258139
0.9667526565664091;0.007494039215341197
0.9667526565664091;0.005806946954590372
0.9667526565664091;0.005314878378538043
0.9668656241322561;0.02324105822978821
0.9668656241322561;0.022116330055954328
0.9668656241322561;0.021553965969037386
0.9668656241322561;0.01986687370828656
0.9668656241322561;0.01930450962136962
0.9668656241322561;0.01761741736061878
0.9668656241322561;0.01705505327370184
0.9668656241322561;0.016492689186784898
0.9668656241322561;0.015930325099867956
0.9668656241322561;0.015367961012951015
0.9668656241322561;0.014805596926034073
0.9668656241322561;0.014243232839117118
0.9668656241322561;0.013680868752200176
0.9668656241322561;0.013118504665283234
0.9668656241322561;0.012556140578366293
0.9668656241322561;0.011993776491449351
0.9668656241322561;0.01143141240453241
0.9668656241322561;0.009181956056864629
0.9668656241322561;0.008619591969947688
0.9668656241322561;0.006932499709196863
0.9668656241322561;0.006370135622279921
0.966978591698103;0.024366610984394715
0.966978591698103;0.023804246897477774
0.966978591698103;0.022679518723643877
0.966978591698103;0.020992426462893052
0.966978591698103;0.02043006237597611
0.966978591698103;0.01874297011522527
0.966978591698103;0.01818060602830833
0.966978591698103;0.010869872898388075
0.966978591698103;0.010307508811471133
0.966978591698103;0.009745144724554178
0.966978591698103;0.008058052463803353
0.966978591698103;0.007495688376886411
0.966978591698103;0.0058085961161355865
0.966978591698103;0.005246232029218631
0.966978591698103;0.004754163453166316
0.966978591698103;0.004121503855384748
0.9671103871915911;0.024929937082213027
0.9671103871915911;0.02324284482146219
0.9671103871915911;0.022118116647628305
0.96709155926395;0.02141502410885336
0.9671103871915911;0.01986866029996054
0.96709155926395;0.019165567761185595
0.9671103871915911;0.01761920395229276
0.96709155926395;0.016916111413517815
0.96709155926395;0.016353747326600873
0.96709155926395;0.01579138323968393
0.96709155926395;0.01522901915276699
0.96709155926395;0.014666655065850048
0.96709155926395;0.014104290978933107
0.96709155926395;0.013541926892016165
0.96709155926395;0.01297956280509921
0.96709155926395;0.012417198718182268
0.96709155926395;0.011854834631265326
0.96709155926395;0.011292470544348385
0.9671103871915911;0.009183742648538606
0.96709155926395;0.008480650109763663
0.9671103871915911;0.00693428630087084
0.96709155926395;0.006231193762095896
0.96709155926395;0.003559964349240413
0.96709155926395;0.0029976002623234715
0.9672045268297969;0.025774170363232277
0.9672045268297969;0.024087078102481452
0.9672045268297969;0.020712893580979788
0.9672045268297969;0.01846343723331202
0.9672045268297969;0.010590340016474811
0.9672045268297969;0.01002797592955787
0.9672045268297969;0.007778519581890089
0.9672045268297969;0.005529063234222323
0.9672045268297969;0.004966699147305381
0.9672045268297969;0.004474630571253052
0.9672045268297969;0.0021548787127206592
0.967336322323285;0.026337496461050602
0.967336322323285;0.025212768287216705
0.9673174943956439;0.02450967574844176
0.967336322323285;0.02352567602646588
0.9673174943956439;0.022822583487690937
0.9673174943956439;0.022260219400773995
0.9673174943956439;0.021697855313857053
0.9673174943956439;0.021135491226940112
0.967336322323285;0.020151491504964217
0.9673174943956439;0.019448398966189273
0.9673174943956439;0.01888603487927233
0.967336322323285;0.01790203515729645
0.9673174943956439;0.017198942618521507
0.9673174943956439;0.016636578531604565
0.9673174943956439;0.016074214444687623
0.9673174943956439;0.015511850357770668
0.9673174943956439;0.014949486270853726
0.9673174943956439;0.014387122183936785
0.9673174943956439;0.013824758097019843
0.9673174943956439;0.013262394010102901
0.9673174943956439;0.01270002992318596
0.9673174943956439;0.012137665836269018
0.9673174943956439;0.011575301749352077
0.9673174943956439;0.011012937662435121
0.967336322323285;0.009466573853542298
0.9673174943956439;0.008763481314767355
0.9673174943956439;0.008201117227850413
0.967336322323285;0.007217117505874518
0.9673174943956439;0.006514024967099574
0.9673174943956439;0.005951660880182633
0.9673174943956439;0.004053682086837956
0.967336322323285;0.002718204810538971
0.967336322323285;0.0015934766367050879
0.9674492898891319;0.027181867172198615
0.9674492898891319;0.010310944564690325
0.9674492898891319;0.005249667782437822
0.9674304619614907;0.0045465752436628926
0.9674492898891319;0.0035625755216869975
0.9674492898891319;0.0007507550871022756
0.9675434295273377;0.028026100453217878
0.9675434295273377;0.026339008192467053
0.9675434295273377;0.025776644105550098
0.9675434295273377;0.025214280018633156
0.9675434295273377;0.024651915931716215
0.9675434295273377;0.024089551844799273
0.9675434295273377;0.02352718775788233
0.9675434295273377;0.02296482367096539
0.9675434295273377;0.022402459584048448
0.9675434295273377;0.021840095497131506
0.9675434295273377;0.021277731410214565
0.9675434295273377;0.02071536732329761
0.9675434295273377;0.020153003236380668
0.9675434295273377;0.019590639149463726
0.9675434295273377;0.019028275062546784
0.9675434295273377;0.018465910975629843
0.9675434295273377;0.0179035468887129
0.9675434295273377;0.01734118280179596
0.9675434295273377;0.016778818714879004
0.9675434295273377;0.016216454627962062
0.9675434295273377;0.01565409054104512
0.9675434295273377;0.01509172645412818
0.9675434295273377;0.014529362367211238
0.9675434295273377;0.013966998280294296
0.9675434295273377;0.013404634193377354
0.9675434295273377;0.012842270106460413
0.9675434295273377;0.012279906019543471
0.9675434295273377;0.011717541932626516
0.9675434295273377;0.011155177845709574
0.9675434295273377;0.00946808558495875
0.9675434295273377;0.008905721498041808
0.9675434295273377;0.008343357411124866
0.9675434295273377;0.0077809933242079105
0.9675434295273377;0.007218629237290969
0.9675434295273377;0.006656265150374027
0.9675434295273377;0.006093901063457086
0.9675434295273377;0.002719716541955422
0.9675434295273377;0.0021573524550384804
0.9675434295273377;0.0015949883681215388
0.9675434295273377;0.000048487129099952786
0.9676563970931847;0.028589289120907413
0.9676563970931847;0.02746456094707353
0.9676563970931847;0.026902196860156588
0.9676563970931847;0.010593638339565226
0.9676563970931847;0.010031274252648284
0.9676563970931847;0.005532361557312737
0.9676563970931847;0.0049699974703957955
0.9676563970931847;0.004407633383478854
0.9676563970931847;0.0038452692965619123
0.9676563970931847;0.0032829052096449707
0.9676563970931847;0.0010334488619771903
0.9676563970931847;0.0004710847750602487
0.9677693646590316;0.02915247778859696
0.9677693646590316;0.02802774961476308
0.9677693646590316;0.026340657354012253
0.9677693646590316;0.025778293267095298
0.9677693646590316;0.025215929180178356
0.9677693646590316;0.024653565093261415
0.9677693646590316;0.024091201006344473
0.9677693646590316;0.02352883691942753
0.9677693646590316;0.02296647283251059
0.9677693646590316;0.02240410874559365
0.9677693646590316;0.021841744658676707
0.9677693646590316;0.021279380571759765
0.9677693646590316;0.02071701648484281
0.9677693646590316;0.020154652397925868
0.9677693646590316;0.019592288311008926
0.9677693646590316;0.019029924224091985
0.9677693646590316;0.018467560137175043
0.9677693646590316;0.0179051960502581
0.9677693646590316;0.01734283196334116
0.9677693646590316;0.016780467876424204
0.9677693646590316;0.016218103789507263
0.9677693646590316;0.01565573970259032
0.9677693646590316;0.01509337561567338
0.9677693646590316;0.014531011528756438
0.9677693646590316;0.013968647441839496
0.9677693646590316;0.013406283354922555
0.9677693646590316;0.012843919268005613
0.9677693646590316;0.012281555181088671
0.9677693646590316;0.011719191094171716
0.9677693646590316;0.011156827007254774
0.9677693646590316;0.00946973474650395
0.9677693646590316;0.008907370659587008
0.9677693646590316;0.008345006572670066
0.9677693646590316;0.007782642485753111
0.9677693646590316;0.007220278398836169
0.9677693646590316;0.0066579143119192274
0.9677693646590316;0.006095550225002286
0.9677693646590316;0.0027213657035006222
0.9677693646590316;0.0021590016165836806
0.9677693646590316;0.001596637529666739
0.9677693646590316;0.000050136290645153014
0.9679011601525198;0.02859107571258139
0.9679011601525198;0.027466347538747507
0.9678823322248786;0.026763254999972563
0.9679011601525198;0.010595424931239203
0.9678823322248786;0.00989233239246426
0.9679011601525198;0.0055341481489867145
0.9678823322248786;0.004831055610211771
0.9678823322248786;0.004268691523294829
0.9678823322248786;0.0037063274363778875
0.9678823322248786;0.003143963349460946
0.9679011601525198;0.0010352354536511676
0.9678823322248786;0.00033214291487622394
0.9679952997907255;0.029435308993600653
0.9679952997907255;0.02606112447209899
0.9679952997907255;0.025498760385182048
0.9679952997907255;0.024936396298265107
0.9679952997907255;0.024374032211348165
0.9679952997907255;0.023811668124431223
0.9679952997907255;0.023249304037514268
0.9679952997907255;0.022686939950597326
0.9679952997907255;0.022124575863680385
0.9679952997907255;0.021562211776763443
0.9679952997907255;0.0209998476898465
0.9679952997907255;0.02043748360292956
0.9679952997907255;0.019875119516012618
0.9679952997907255;0.019312755429095677
0.9679952997907255;0.01875039134217872
0.9679952997907255;0.01818802725526178
0.9679952997907255;0.017625663168344838
0.9679952997907255;0.017063299081427896
0.9679952997907255;0.016500934994510955
0.9679952997907255;0.015938570907594013
0.9679952997907255;0.015376206820677071
0.9679952997907255;0.01481384273376013
0.9679952997907255;0.014251478646843174
0.9679952997907255;0.013689114559926233
0.9679952997907255;0.013126750473009291
0.9679952997907255;0.01256438638609235
0.9679952997907255;0.012002022299175408
0.9679952997907255;0.011439658212258466
0.9679952997907255;0.009190201864590686
0.9679952997907255;0.008627837777673744
0.9679952997907255;0.008065473690756803
0.9679952997907255;0.007503109603839861
0.9679952997907255;0.006940745516922919
0.9679952997907255;0.006378381430005978
0.9679952997907255;0.0024418328215873725
0.9679952997907255;0.0018794687346704309
0.9681082673565725;0.02887376948745632
0.9681082673565725;0.028311405400539377
0.9681082673565725;0.027749041313622422
0.9681082673565725;0.02718667722670548
0.9681082673565725;0.02662431313978854
0.9681082673565725;0.010878118706114132
0.9681082673565725;0.01031575461919719
0.9681082673565725;0.009753390532280234
0.9681082673565725;0.005816841923861643
0.9681082673565725;0.005254477836944688
0.9681082673565725;0.004692113750027746
0.9681082673565725;0.004129749663110804
0.9681082673565725;0.0035673855761938628
0.9681082673565725;0.003005021489276921
0.9681082673565725;0.0013179292285260963
0.9681082673565725;0.0007555651416091408
0.9681082673565725;0.00019320105469219917
0.9682212349224194;0.029436958155145868
0.9682212349224194;0.026062773633644204
0.9682212349224194;0.025500409546727262
0.9682212349224194;0.02493804545981032
0.9682212349224194;0.02437568137289338
0.9682212349224194;0.023813317285976437
0.9682212349224194;0.023250953199059482
0.9682212349224194;0.02268858911214254
0.9682212349224194;0.0221262250252256
0.9682212349224194;0.021563860938308657
0.9682212349224194;0.021001496851391716
0.9682212349224194;0.020439132764474774
0.9682212349224194;0.019876768677557832
0.9682212349224194;0.01931440459064089
0.9682212349224194;0.018752040503723935
0.9682212349224194;0.018189676416806994
0.9682212349224194;0.017627312329890052
0.9682212349224194;0.01706494824297311
0.9682212349224194;0.01650258415605617
0.9682212349224194;0.015940220069139227
0.9682212349224194;0.015377855982222285
0.9682212349224194;0.014815491895305344
0.9682212349224194;0.014253127808388388
0.9682212349224194;0.013690763721471447
0.9682212349224194;0.013128399634554505
0.9682212349224194;0.012566035547637563
0.9682212349224194;0.012003671460720622
0.9682212349224194;0.01144130737380368
0.9682212349224194;0.0091918510261359
0.9682212349224194;0.008629486939218958
0.9682212349224194;0.008067122852302017
0.9682212349224194;0.007504758765385075
0.9682212349224194;0.006942394678468133
0.9682212349224194;0.006380030591551192
0.9682212349224194;0.0024434819831325866
0.9682212349224194;0.001881117896215645
0.9683342024882664;0.028875418649001533
0.9683342024882664;0.02831305456208459
0.9683342024882664;0.027750690475167636
0.9683342024882664;0.027188326388250694
0.9683342024882664;0.026625962301333753
0.9683342024882664;0.010879767867659346
0.9683342024882664;0.010317403780742404
0.9683342024882664;0.009755039693825449
0.9683342024882664;0.005818491085406857
0.9683342024882664;0.005256126998489902
0.9683342024882664;0.00469376291157296
0.9683342024882664;0.0041313988246560185
0.9683342024882664;0.003569034737739077
0.9683342024882664;0.0030066706508221352
0.9683342024882664;0.0013195783900713104
0.9683342024882664;0.0007572143031543549
0.9683342024882664;0.00019485021623741328
0.9684471700541134;0.02943860731669108
0.9684471700541134;0.026064422795189418
0.9684471700541134;0.025502058708272476
0.9684471700541134;0.024939694621355535
0.9684471700541134;0.024377330534438593
0.9684471700541134;0.02381496644752165
0.9684471700541134;0.023252602360604696
0.9684471700541134;0.022690238273687754
0.9684471700541134;0.022127874186770813
0.9684471700541134;0.02156551009985387
0.9684471700541134;0.02100314601293693
0.9684471700541134;0.020440781926019988
0.9684471700541134;0.019878417839103046
0.9684471700541134;0.019316053752186105
0.9684471700541134;0.01875368966526915
0.9684471700541134;0.018191325578352208
0.9684471700541134;0.017628961491435266
0.9684471700541134;0.017066597404518324
0.9684471700541134;0.016504233317601383
0.9684471700541134;0.01594186923068444
0.9684471700541134;0.0153795051437675
0.9684471700541134;0.014817141056850558
0.9684471700541134;0.014254776969933602
0.9684471700541134;0.01369241288301666
0.9684471700541134;0.01313004879609972
0.9684471700541134;0.012567684709182778
0.9684471700541134;0.012005320622265836
0.9684471700541134;0.011442956535348894
0.9684471700541134;0.009193500187681114
0.9684471700541134;0.008631136100764172
0.9684471700541134;0.00806877201384723
0.9684471700541134;0.007506407926930289
0.9684471700541134;0.0069440438400133475
0.9684471700541134;0.006381679753096406
0.9684471700541134;0.0024451311446778007
0.9684471700541134;0.001882767057760859
0.9685601376199603;0.030001795984380616
0.9685601376199603;0.028877067810546733
0.9685601376199603;0.02831470372362979
0.9685601376199603;0.027752339636712836
0.9685601376199603;0.027189975549795894
0.9685601376199603;0.026627611462878953
0.9685601376199603;0.010881417029204546
0.9685601376199603;0.010319052942287604
0.9685601376199603;0.009756688855370649
0.9685601376199603;0.0058201402469520575
0.9685601376199603;0.005257776160035102
0.9685601376199603;0.00469541207311816
0.9685601376199603;0.004133047986201219
0.9685601376199603;0.003570683899284277
0.9685601376199603;0.0030083198123673355
0.9685601376199603;0.0013212275516165106
0.9685601376199603;0.0007588634646995551
0.9685601376199603;0.0001964993777826135
0.9686731051858073;0.029440256478236282
0.9686731051858073;0.02606607195673462
0.9686731051858073;0.025503707869817677
0.9686731051858073;0.024941343782900735
0.9686731051858073;0.024378979695983793
0.9686731051858073;0.023816615609066852
0.9686731051858073;0.023254251522149896
0.9686731051858073;0.022691887435232955
0.9686731051858073;0.022129523348316013
0.9686731051858073;0.02156715926139907
0.9686731051858073;0.02100479517448213
0.9686731051858073;0.020442431087565188
0.9686731051858073;0.019880067000648247
0.9686731051858073;0.019317702913731305
0.9686731051858073;0.01875533882681435
0.9686731051858073;0.018192974739897408
0.9686731051858073;0.017630610652980466
0.9686731051858073;0.017068246566063525
0.9686731051858073;0.016505882479146583
0.9686731051858073;0.01594351839222964
0.9686731051858073;0.0153811543053127
0.9686731051858073;0.014818790218395758
0.9686731051858073;0.014256426131478803
0.9686731051858073;0.013694062044561861
0.9686731051858073;0.01313169795764492
0.9686731051858073;0.012569333870727978
0.9686731051858073;0.012006969783811036
0.9686731051858073;0.011444605696894095
0.9686731051858073;0.009195149349226314
0.9686731051858073;0.008632785262309373
0.9686731051858073;0.008070421175392431
0.9686731051858073;0.007508057088475489
0.9686731051858073;0.006945693001558548
0.9686731051858073;0.006383328914641606
0.9686731051858073;0.002446780306223001
0.9686731051858073;0.0018844162193060593
0.9687860727516542;0.03000344514592583
0.9687860727516542;0.028878716972091947
0.9687860727516542;0.028316352885175006
0.9687860727516542;0.02775398879825805
0.9687860727516542;0.02719162471134111
0.9687860727516542;0.026629260624424167
0.9687860727516542;0.01088306619074976
0.9687860727516542;0.010320702103832818
0.9687860727516542;0.009758338016915863
0.9687860727516542;0.0058217894084972716
0.9687860727516542;0.005259425321580316
0.9687860727516542;0.0046970612346633744
0.9687860727516542;0.004134697147746433
0.9687860727516542;0.003572333060829491
0.9687860727516542;0.0030099689739125496
0.9687860727516542;0.0013228767131617247
0.9687860727516542;0.0007605126262447692
0.9687860727516542;0.0001981485393278276
0.9688990403175012;0.029441905639781496
0.9688990403175012;0.026067721118279832
0.9688990403175012;0.02550535703136289
0.9688990403175012;0.02494299294444595
0.9688990403175012;0.024380628857529008
0.9688990403175012;0.023818264770612066
0.9688990403175012;0.02325590068369511
0.9688990403175012;0.02269353659677817
0.9688990403175012;0.022131172509861227
0.9688990403175012;0.021568808422944286
0.9688990403175012;0.021006444336027344
0.9688990403175012;0.020444080249110402
0.9688990403175012;0.01988171616219346
0.9688990403175012;0.01931935207527652
0.9688990403175012;0.018756987988359564
0.9688990403175012;0.018194623901442622
0.9688990403175012;0.01763225981452568
0.9688990403175012;0.01706989572760874
0.9688990403175012;0.016507531640691797
0.9688990403175012;0.015945167553774856
0.9688990403175012;0.015382803466857914
0.9688990403175012;0.014820439379940972
0.9688990403175012;0.014258075293024017
0.9688990403175012;0.013695711206107075
0.9688990403175012;0.013133347119190134
0.9688990403175012;0.012570983032273192
0.9688990403175012;0.01200861894535625
0.9688990403175012;0.011446254858439309
0.9688990403175012;0.009196798510771528
0.9688990403175012;0.008634434423854587
0.9688990403175012;0.008072070336937645
0.9688990403175012;0.0075097062500207035
0.9688990403175012;0.006947342163103762
0.9688990403175012;0.00638497807618682
0.9688990403175012;0.002448429467768215
0.9688990403175012;0.0018860653808512734
0.9690120078833481;0.030005094307471045
0.9690120078833481;0.02888036613363716
0.9690120078833481;0.02831800204672022
0.9690120078833481;0.027755637959803264
0.9690120078833481;0.027193273872886323
0.9690120078833481;0.02663090978596938
0.9690120078833481;0.010884715352294974
0.9690120078833481;0.010322351265378032
0.9690120078833481;0.009759987178461077
0.9690120078833481;0.005823438570042486
0.9690120078833481;0.00526107448312553
0.9690120078833481;0.0046987103962085885
0.9690120078833481;0.004136346309291647
0.9690120078833481;0.0035739822223747053
0.9690120078833481;0.0030116181354577637
0.9690120078833481;0.0013245258747069388
0.9690120078833481;0.0007621617877899833
0.9690120078833481;0.00019979770087304172
0.9691249754491951;0.02944355480132671
0.9691249754491951;0.026069370279825047
0.9691249754491951;0.025507006192908105
0.9691249754491951;0.024944642105991163
0.9691249754491951;0.02438227801907422
0.9691249754491951;0.02381991393215728
0.9691249754491951;0.023257549845240325
0.9691249754491951;0.022695185758323383
0.9691249754491951;0.02213282167140644
0.9691249754491951;0.0215704575844895
0.9691249754491951;0.021008093497572558
0.9691249754491951;0.020445729410655616
0.9691249754491951;0.019883365323738675
0.9691249754491951;0.019321001236821733
0.9691249754491951;0.018758637149904778
0.9691249754491951;0.018196273062987836
0.9691249754491951;0.017633908976070894
0.9691249754491951;0.017071544889153953
0.9691249754491951;0.01650918080223701
0.9691249754491951;0.01594681671532007
0.9691249754491951;0.015384452628403128
0.9691249754491951;0.014822088541486186
0.9691249754491951;0.014259724454569231
0.9691249754491951;0.01369736036765229
0.9691249754491951;0.013134996280735348
0.9691249754491951;0.012572632193818406
0.9691249754491951;0.012010268106901464
0.9691249754491951;0.011447904019984523
0.9691249754491951;0.009198447672316742
0.9691249754491951;0.0086360835853998
0.9691249754491951;0.00807371949848286
0.9691249754491951;0.007511355411565918
0.9691249754491951;0.006948991324648976
0.9691249754491951;0.006386627237732034
0.9691249754491951;0.002450078629313429
0.9691249754491951;0.0018877145423964875
0.9692379430150421;0.03000674346901626
0.9692379430150421;0.028882015295182376
0.9692379430150421;0.028319651208265434
0.9692379430150421;0.02775728712134848
0.9692379430150421;0.027194923034431537
0.9692379430150421;0.026632558947514595
0.9692379430150421;0.010886364513840188
0.9692379430150421;0.010324000426923247
0.9692379430150421;0.009761636340006291
0.9692379430150421;0.0058250877315877
0.9692379430150421;0.005262723644670744
0.9692379430150421;0.004700359557753803
0.9692379430150421;0.004137995470836861
0.9692379430150421;0.0035756313839199194
0.9692379430150421;0.003013267297002978
0.9692379430150421;0.001326175036252153
0.9692379430150421;0.0007638109493351974
0.9692379430150421;0.00020144686241825582
0.969350910580889;0.029445203962871924
0.969350910580889;0.02607101944137026
0.969350910580889;0.02550865535445332
0.969350910580889;0.024946291267536377
0.969350910580889;0.024383927180619436
0.969350910580889;0.023821563093702494
0.969350910580889;0.02325919900678554
0.969350910580889;0.022696834919868597
0.969350910580889;0.022134470832951655
0.969350910580889;0.021572106746034714
0.969350910580889;0.021009742659117772
0.969350910580889;0.02044737857220083
0.969350910580889;0.01988501448528389
0.969350910580889;0.019322650398366947
0.969350910580889;0.018760286311449992
0.969350910580889;0.01819792222453305
0.969350910580889;0.01763555813761611
0.969350910580889;0.017073194050699167
0.969350910580889;0.016510829963782225
0.969350910580889;0.015948465876865284
0.969350910580889;0.015386101789948342
0.969350910580889;0.0148237377030314
0.969350910580889;0.014261373616114445
0.969350910580889;0.013699009529197503
0.969350910580889;0.013136645442280562
0.969350910580889;0.01257428135536362
0.969350910580889;0.012011917268446679
0.969350910580889;0.011449553181529737
0.969350910580889;0.009200096833861957
0.969350910580889;0.008637732746945015
0.969350910580889;0.008075368660028073
0.969350910580889;0.007513004573111132
0.969350910580889;0.00695064048619419
0.969350910580889;0.0063882763992772484
0.969350910580889;0.0024517277908586432
0.969350910580889;0.0018893637039417016
0.969463878146736;0.030008392630561473
0.969463878146736;0.02888366445672759
0.969463878146736;0.028321300369810648
0.969463878146736;0.027758936282893693
0.969463878146736;0.02719657219597675
0.969463878146736;0.02663420810905981
0.9694073943638124;0.010887601384999099
0.9694073943638124;0.010325237298082157
0.969463878146736;0.009763285501551505
0.969463878146736;0.005826736893132914
0.969463878146736;0.005264372806215958
0.969463878146736;0.004702008719299017
0.969463878146736;0.004139644632382075
0.969463878146736;0.0035772805454651335
0.969463878146736;0.003014916458548192
0.969463878146736;0.001327824197797367
0.969463878146736;0.0007654601108804115
0.969463878146736;0.00020309602396346993
0.9695768457125828;0.029446853124417124
0.9695768457125828;0.02607266860291546
0.9695768457125828;0.02551030451599852
0.9695768457125828;0.024947940429081578
0.9695768457125828;0.024385576342164636
0.9695768457125828;0.023823212255247694
0.9695768457125828;0.02326084816833074
0.9695768457125828;0.022698484081413797
0.9695768457125828;0.022136119994496856
0.9695768457125828;0.021573755907579914
0.9695768457125828;0.021011391820662972
0.9695768457125828;0.02044902773374603
0.9695768457125828;0.01988666364682909
0.9695768457125828;0.019324299559912148
0.9695768457125828;0.018761935472995192
0.9695203619296594;0.01819915909569196
0.9695203619296594;0.01763679500877502
0.9695203619296594;0.017074430921858078
0.9695203619296594;0.009201333705020867
0.9695203619296594;0.008638969618103925
0.9695768457125828;0.008077017821573274
0.9695768457125828;0.007514653734656332
0.9695768457125828;0.00695228964773939
0.9695768457125828;0.006389925560822449
0.9695768457125828;0.0024533769524038435
0.9695768457125828;0.0018910128654869018
0.9696898132784298;0.030010041792106673
0.9696898132784298;0.02888531361827279
0.9696898132784298;0.028322949531355848
0.9696898132784298;0.027760585444438893
0.9696898132784298;0.02719822135752195
0.9696898132784298;0.02663585727060501
0.969708641206071;0.005828523484806891
0.9696898132784298;0.005125430946031934
0.9696898132784298;0.004563066859114992
0.9696898132784298;0.0040007027721980365
0.9696898132784298;0.003438338685281095
0.9696898132784298;0.0028759745983641533
0.969708641206071;0.0013296107894713444
0.9696898132784298;0.0006265182506963868
0.9696898132784298;0.00013444967464405766
0.9698027808442767;0.02944850228596234
0.9698027808442767;0.026074317764460675
0.9698027808442767;0.025511953677543733
0.9698027808442767;0.02494958959062679
0.9698027808442767;0.02438722550370985
0.9698027808442767;0.02382486141679291
0.9698027808442767;0.023262497329875953
0.9698027808442767;0.02270013324295901
0.9698027808442767;0.02213776915604207
0.9698027808442767;0.021575405069125128
0.9698027808442767;0.0210833364930728
0.9697462970613533;0.02045026460490494
0.9697462970613533;0.020028491539717225
0.9697462970613533;0.006672344475439823
0.9698216087719179;0.002173981500619357
0.9699157484101237;0.030011690953651887
0.9699157484101237;0.028886962779818004
0.9699157484101237;0.028324598692901062
0.9699157484101237;0.027762234605984107
0.9699157484101237;0.027199870519067165
0.9699157484101237;0.026637506432150224
0.9698592646272003;0.005829622925837025
0.9698592646272003;0.005267258838920069
0.9699157484101237;0.004705307042389431
0.9699157484101237;0.0041429429554724895
0.9699157484101237;0.003580578868555548
0.9699157484101237;0.0030182147816386062
0.9699157484101237;0.0013311225208877814
0.9699157484101237;0.0007687584339708259
0.9699157484101237;0.00020639434705388426
0.9700287159759707;0.029450151447507553
0.9700287159759707;0.02607596692600589
0.9700287159759707;0.025513602839088947
0.9700287159759707;0.024951238752172006
0.9700287159759707;0.024388874665255064
0.9700287159759707;0.023826510578338123
0.9700287159759707;0.023264146491421167
0.9700287159759707;0.022772077915368852
0.9699722321930472;0.02213900602720098
0.9700287159759707;0.0024566752754942717
0.9700287159759707;0.00189431118857733
0.9701416835418176;0.0300133401151971
0.9701416835418176;0.028888611941363218
0.9701416835418176;0.028326247854446276
0.9701416835418176;0.02776388376752932
0.9701416835418176;0.02720151968061238
0.9701416835418176;0.026639155593695438
0.9700851997588942;0.0041441798266314
0.9701416835418176;0.003441637008371523
0.9701416835418176;0.0028792729214545815
0.9701605114694588;0.0013329091125617587
0.9701416835418176;0.000629816573786815
0.9701416835418176;0.00013774799773448587
0.9702546511076646;0.029451800609052767
0.9702546511076646;0.026077616087551103
0.9702546511076646;0.02551525200063416
0.9702546511076646;0.02495288791371722
0.9702546511076646;0.02439052382680028
0.9701981673247411;0.023827747449497033
0.9702546511076646;0.002177142393581008
0.9703676186735115;0.030014989276742315
0.9703676186735115;0.028890261102908432
0.9703676186735115;0.02832789701599149
0.9703676186735115;0.027765532929074535
0.9703676186735115;0.027203168842157593
0.9703676186735115;0.026640804755240652
0.9703111348905881;0.002739918770884253
0.9703676186735115;0.0016156028874366735
0.9703676186735115;0.0010532388005197318
0.9703676186735115;0.0004908747136027902
0.9703676186735115;0.00006910164841508748
0.9704805862393585;0.02945344977059798
0.9704805862393585;0.026079265249096317
0.9704805862393585;0.025587196673043988
0.9704241024564351;0.02495412478487613
0.9704805862393585;0.0020382005333969833
0.9705935538052054;0.030016638438287516
0.9705935538052054;0.028891910264453632
0.9705935538052054;0.02832954617753669
0.9705935538052054;0.027767182090619735
0.9705935538052054;0.027204818003702794
0.9705935538052054;0.026642453916785852
0.9705935538052054;0.0013360700055234098
0.9705935538052054;0.0007737059186064543
0.9705935538052054;0.0002113418316895127
0.9707065213710524;0.02945509893214318
0.970650037588129;0.026080502120255214
0.9708194889368994;0.03001828759983273
0.9708194889368994;0.028893559425998847
0.9708194889368994;0.028331195339081905
0.9708194889368994;0.02776883125216495
0.9708194889368994;0.027206467165248008
0.9707630051539758;0.026643690787944763
0.9708194889368994;0.0009159461018809073
0.9708194889368994;0.0003535820149639657
0.9707630051539758;0.00007198768111919829
0.9709324565027463;0.029456748093688395
0.9710454240685933;0.02889520858754406
0.9710454240685933;0.02833284450062712
0.9710454240685933;0.02784077592457479
0.9710454240685933;0.00014434464391532842
0.9711583916344402;0.02945839725523361
0.9712713592002872;0.028896857749089275
0.9712148754173637;0.028474672393515255
0.9712713592002872;0.00007569829459593003
0.9714408105490576;0.02903868564197741
0.9716102618978281;0.029531991089188636
0.9682991202346041;0.02962262131558105
0.9711143695014662;0.02978915598176253
0.9681818181818181;0.029621765096217653
0.9691788856304986;0.03021298456664598
0.9694721407624634;0.030069139713594623
0.969882697947214;0.030364107284286235
0.9704105571847508;0.030367960271421537
0.9698240469208211;0.03036367917460453
0.9694721407624634;0.030361110516514328
0.9689442815249267;0.030357257529379025
0.970058651026393;0.03007342081041163
